15.0577	2.37251	2.51297	2.67197	2.13783	0.484619	1.62689	0.467148	0.477829
16.0675	2.37923	2.51434	2.68051	2.17361	0.486908	1.1451	0.480194	0.398712
16.0775	2.3848	2.52533	2.67334	2.14348	0.472565	0.923691	0.471497	0.358353
16.0875	2.37907	2.53967	2.67754	2.17148	0.482483	1.33041	0.473175	0.43129
16.0975	2.37762	2.51366	2.68021	2.17476	0.488586	1.58379	0.471725	0.477371
16.1075	2.37854	2.52869	2.6667	2.13905	0.48439	1.63658	0.466309	0.48645
16.1175	2.38098	2.5386	2.67624	2.16934	0.485458	1.16356	0.479279	0.402908
16.1275	2.37785	2.51625	2.68517	2.17239	0.471802	0.927048	0.476303	0.36087
16.1375	2.37923	2.52327	2.66426	2.13661	0.470657	1.32408	0.463638	0.423431
16.1475	2.38342	2.53967	2.67792	2.17163	0.488052	1.57806	0.469666	0.474243
16.1575	2.3764	2.51595	2.68188	2.17224	0.495148	1.64566	0.474167	0.490036
16.1675	2.379	2.52144	2.67029	2.14027	0.478363	1.15471	0.470123	0.396194
16.1775	2.38235	2.53967	2.67693	2.17094	0.478363	0.924911	0.47493	0.358658
16.1875	2.37648	2.51244	2.67845	2.17186	0.480042	1.32866	0.47142	0.4319
16.1975	2.37984	2.51854	2.67532	2.16331	0.486298	1.57532	0.46875	0.474014
16.2075	2.37999	2.54288	2.67715	2.16972	0.495987	1.65375	0.476913	0.490265
16.2175	2.37709	2.51526	2.68539	2.18132	0.489044	1.16096	0.482101	0.40535
16.2275	2.37984	2.52022	2.68143	2.17094	0.480347	0.929565	0.477982	0.362473
16.2375	2.38197	2.54715	2.67784	2.17262	0.483246	1.32568	0.477676	0.434036
16.2475	2.37503	2.51884	2.67235	2.15683	0.484543	1.57593	0.467834	0.473022
16.2575	2.37831	2.5177	2.68021	2.17117	0.495682	1.6526	0.475922	0.491867
16.2675	2.37381	2.54707	2.67387	2.16713	0.470428	1.15196	0.465546	0.391922
16.2775	2.37556	2.53845	2.67746	2.17133	0.476685	0.92514	0.474472	0.360641
16.2875	2.37686	2.51205	2.67746	2.16835	0.48027	1.32607	0.471954	0.429535
16.2975	2.38014	2.52136	2.67876	2.16621	0.488434	1.58226	0.468674	0.474243
16.3075	2.37442	2.54181	2.67517	2.17155	0.495682	1.64574	0.475616	0.492401
16.3175	2.37526	2.52197	2.67517	2.15744	0.482788	1.16478	0.478287	0.404434
16.3275	2.37602	2.51541	2.68219	2.17094	0.474854	0.925217	0.473633	0.355301
16.3375	2.37228	2.52609	2.66502	2.13821	0.470657	1.31432	0.460052	0.424957
16.3475	2.37808	2.53799	2.6757	2.16881	0.486069	1.57669	0.470352	0.475464
16.3575	2.37976	2.51541	2.68272	2.17781	0.496979	1.65283	0.480423	0.495148
16.3675	2.37808	2.51945	2.68013	2.17117	0.486984	1.16905	0.479584	0.404282
16.3775	2.37968	2.54684	2.6783	2.17278	0.479965	0.928345	0.477066	0.363693
16.3875	2.37732	2.53563	2.6767	2.1653	0.475922	1.3176	0.468903	0.429001
16.3975	2.37473	2.51022	2.67761	2.16614	0.482559	1.57608	0.46669	0.475998
16.4075	2.37839	2.52197	2.67776	2.16431	0.491486	1.64711	0.476761	0.492401
16.4175	2.37343	2.54494	2.67929	2.16988	0.488205	1.23825	0.482101	0.413666
16.4275	2.37762	2.53258	2.67776	2.16301	0.474548	0.919037	0.476913	0.360336
16.4375	2.37694	2.51289	2.67792	2.16934	0.480042	1.31538	0.472031	0.429001
16.4475	2.37366	2.52014	2.67548	2.16011	0.484085	1.57394	0.467834	0.473099
16.4575	2.37823	2.54326	2.67509	2.16736	0.491104	1.64276	0.472183	0.487137
16.4675	2.37442	2.52983	2.67441	2.16003	0.489502	1.24008	0.476532	0.412827
16.4775	2.37534	2.51259	2.677	2.16621	0.474777	0.917282	0.473785	0.354919
16.4875	2.37747	2.52045	2.67365	2.15752	0.478363	1.29669	0.47081	0.424957
16.4975	2.37518	2.54082	2.67433	2.16957	0.486069	1.58043	0.471268	0.476074
16.5075	2.37762	2.53273	2.67525	2.1608	0.489807	1.63857	0.474014	0.485229
16.5175	2.37785	2.51343	2.67937	2.17339	0.490036	1.24588	0.480881	0.420151
16.5275	2.37434	2.51938	2.67799	2.16553	0.476227	0.921173	0.475082	0.358276
16.5375	2.37816	2.54364	2.67418	2.16713	0.478363	1.2957	0.472183	0.42572
16.5475	2.37709	2.53281	2.67502	2.16812	0.487137	1.58844	0.471954	0.478439
16.5575	2.37625	2.51053	2.67876	2.17056	0.493317	1.63353	0.475845	0.487366
16.5675	2.38083	2.51732	2.67632	2.16606	0.488358	1.19164	0.477142	0.404892
16.5775	2.37862	2.54776	2.67632	2.17491	0.47821	0.916977	0.478745	0.363541
16.5875	2.3774	2.54074	2.67632	2.1685	0.479965	1.28494	0.473557	0.425262
16.5975	2.37457	2.49863	2.67471	2.14996	0.4776	1.57349	0.458221	0.470657
16.6075	2.37671	2.5174	2.68097	2.17049	0.495987	1.64391	0.478973	0.490952
16.6175	2.37968	2.52686	2.67525	2.14966	0.48439	1.18591	0.478363	0.407028
16.6275	2.37556	2.53998	2.67441	2.16705	0.471191	0.911331	0.473633	0.357971
16.6375	2.3761	2.52655	2.67372	2.1608	0.478668	1.30966	0.468369	0.425568
16.6475	2.38144	2.51495	2.68196	2.17339	0.488281	1.58066	0.475922	0.481491
16.6575	2.37701	2.51717	2.67632	2.16591	0.495605	1.62468	0.475082	0.48584
16.6674	2.37793	2.54669	2.67586	2.17094	0.48378	1.19781	0.480804	0.409546
16.6774	2.38075	2.54013	2.68005	2.17232	0.47699	0.91629	0.479431	0.36087
16.6874	2.37427	2.50992	2.6709	2.13989	0.474625	1.27258	0.463562	0.41626
16.6974	2.38251	2.51595	2.6815	2.17255	0.489349	1.58859	0.473404	0.479202
16.7074	2.3793	2.52373	2.67868	2.16225	0.496597	1.62224	0.473785	0.484848
16.7174	2.38098	2.54753	2.67944	2.17178	0.489349	1.21552	0.479507	0.41275
16.7274	2.3819	2.53418	2.67693	2.16782	0.473404	0.909882	0.476532	0.357742
16.7374	2.37862	2.5116	2.68036	2.1714	0.480652	1.27777	0.473328	0.419922
16.7474	2.3851	2.5148	2.67685	2.16545	0.485382	1.58241	0.47081	0.474625
16.7574	2.37877	2.52075	2.67159	2.14622	0.487213	1.6082	0.470276	0.481033
16.7674	2.37968	2.54158	2.67403	2.16469	0.487671	1.26411	0.476761	0.418777
16.7774	2.38136	2.53334	2.67799	2.16782	0.476227	0.917435	0.479202	0.361023
16.7874	2.37953	2.51526	2.68143	2.17201	0.479279	1.2764	0.473633	0.424271
16.7974	2.3848	2.51801	2.68036	2.16858	0.485535	1.58676	0.47287	0.473557
16.8074	2.38113	2.52197	2.6712	2.14386	0.4879	1.60934	0.4702	0.484314
16.8174	2.3793	2.54196	2.67502	2.16743	0.487976	1.24405	0.481033	0.41748
16.8274	2.38182	2.53265	2.6786	2.16492	0.471878	0.909424	0.472641	0.357285
16.8374	2.37953	2.51244	2.67967	2.17094	0.482483	1.29288	0.477219	0.427551
16.8474	2.38426	2.51633	2.67929	2.1682	0.486832	1.57593	0.471725	0.476456
16.8574	2.38159	2.51945	2.67029	2.14813	0.488892	1.63773	0.468597	0.485992
16.8674	2.38281	2.54333	2.67555	2.16805	0.488739	1.26236	0.481415	0.423508
16.8774	2.38693	2.53502	2.67555	2.1653	0.470047	0.910873	0.471115	0.356522
16.8874	2.3748	2.50397	2.67319	2.15393	0.465088	1.28082	0.454788	0.415802
16.8974	2.38716	2.51495	2.67845	2.16827	0.487366	1.57036	0.471344	0.474319
16.9074	2.38426	2.52502	2.67281	2.1595	0.491333	1.63651	0.474701	0.491257
16.9174	2.38106	2.54753	2.67685	2.16927	0.489197	1.20605	0.480728	0.412827
16.9274	2.38464	2.53868	2.67731	2.16995	0.474548	0.910263	0.474548	0.35614
16.9374	2.38251	2.5177	2.67685	2.15019	0.478821	1.2915	0.469131	0.427399
16.9474	2.38823	2.51495	2.68112	2.17102	0.485992	1.56601	0.472565	0.476837
16.9574	2.38167	2.51724	2.67723	2.1656	0.493164	1.6378	0.475998	0.490646
16.9674	2.3745	2.54448	2.67288	2.16537	0.473557	1.20155	0.463867	0.403214
16.9774	2.38419	2.54074	2.67738	2.16812	0.473862	0.905075	0.470963	0.352859
16.9874	2.38403	2.53128	2.67494	2.16248	0.479584	1.2941	0.470123	0.42511
16.9974	2.38396	2.50961	2.67975	2.17201	0.488052	1.56334	0.470886	0.476761
17.0074	2.38098	2.51663	2.6783	2.16499	0.492706	1.64307	0.474319	0.491791
17.0174	2.37885	2.52609	2.67853	2.15561	0.482941	1.20903	0.475082	0.408783
17.0274	2.38571	2.54242	2.67609	2.17018	0.476913	0.912552	0.473328	0.355759
17.0374	2.38396	2.53845	2.67654	2.16698	0.480576	1.2899	0.46936	0.424423
17.0474	2.38213	2.51282	2.6738	2.145	0.480957	1.56036	0.464935	0.472565
17.0574	2.38304	2.51305	2.67883	2.16759	0.492249	1.6452	0.474625	0.49324
17.0674	2.38663	2.51976	2.67929	2.16965	0.488892	1.22208	0.478363	0.414963
17.0774	2.38564	2.52396	2.67212	2.14012	0.468369	0.906143	0.469131	0.355225
17.0874	2.38708	2.54189	2.67647	2.16843	0.480881	1.2925	0.474625	0.427322
17.0974	2.38647	2.53403	2.68028	2.16751	0.487442	1.56746	0.471573	0.4776
17.1074	2.37961	2.50198	2.67334	2.14165	0.48584	1.64162	0.465317	0.483932
17.1174	2.38541	2.51312	2.67601	2.1656	0.487366	1.21651	0.473557	0.413208
17.1274	2.38663	2.51945	2.67944	2.16637	0.475922	0.909576	0.474548	0.357819
17.1374	2.38098	2.53952	2.66899	2.15424	0.468292	1.27892	0.456085	0.418167
17.1474	2.38617	2.53708	2.67494	2.16858	0.486145	1.56296	0.471497	0.475922
17.1574	2.38144	2.53426	2.67693	2.16507	0.493546	1.64703	0.474319	0.492401
17.1674	2.38487	2.51259	2.68074	2.17697	0.488892	1.21597	0.481644	0.415115
17.1774	2.38625	2.51221	2.67784	2.16667	0.476379	0.907898	0.477905	0.359421
17.1874	2.38464	2.51854	2.67456	2.16095	0.476379	1.28807	0.470123	0.42511
17.1974	2.38655	2.54601	2.67914	2.17155	0.471344	1.55304	0.453873	0.467606
17.2074	2.38632	2.54364	2.67921	2.16858	0.492477	1.65062	0.475693	0.497894
17.2174	2.38991	2.53021	2.67693	2.16599	0.485077	1.22406	0.476837	0.417328
17.2274	2.38266	2.50267	2.67601	2.15935	0.463486	0.901031	0.462189	0.351257
17.2374	2.38792	2.51404	2.67838	2.16682	0.479965	1.28792	0.472183	0.428467
17.2474	2.38899	2.52029	2.67944	2.16629	0.487137	1.5657	0.472031	0.478516
17.2574	2.37907	2.54364	2.67372	2.16034	0.478668	1.63673	0.453415	0.480804
17.2674	2.38876	2.53822	2.67601	2.16805	0.487442	1.23001	0.477371	0.417557
17.2774	2.38785	2.53372	2.67746	2.1666	0.473099	0.911484	0.473328	0.357208
17.2874	2.38396	2.49771	2.67212	2.15408	0.469284	1.27754	0.457077	0.418015
17.2974	2.38937	2.51503	2.68097	2.16949	0.490036	1.56578	0.471268	0.480042
17.3074	2.38853	2.52266	2.68181	2.1685	0.495911	1.65649	0.475311	0.497513
17.3174	2.38625	2.52258	2.66678	2.13837	0.480576	1.2159	0.46936	0.40947
17.3273	2.39014	2.54341	2.67937	2.17018	0.479126	0.909119	0.476227	0.35881
17.3373	2.39044	2.53357	2.67426	2.16644	0.480728	1.28174	0.472565	0.428009
17.3473	2.39029	2.51198	2.6754	2.14378	0.479889	1.55502	0.462875	0.473022
17.3573	2.39189	2.51602	2.68135	2.17064	0.495148	1.65573	0.475922	0.497665
17.3673	2.39014	2.51892	2.67868	2.16705	0.488205	1.23077	0.478897	0.417786
17.3773	2.38625	2.52266	2.67372	2.145	0.471802	0.901031	0.469818	0.356064
17.3873	2.39189	2.53845	2.67349	2.16743	0.480652	1.28044	0.470734	0.427094
17.3973	2.39204	2.53792	2.67731	2.16896	0.488129	1.55754	0.467072	0.475769
17.4073	2.3909	2.51976	2.67555	2.15576	0.494843	1.65756	0.471725	0.49942
17.4173	2.38976	2.51091	2.67815	2.16927	0.486908	1.22932	0.479507	0.417175
17.4273	2.39525	2.51915	2.6825	2.17056	0.478973	0.907974	0.474777	0.358353
17.4373	2.39349	2.52296	2.68021	2.16331	0.482483	1.28128	0.470657	0.428619
17.4473	2.39578	2.54822	2.67921	2.17194	0.491333	1.55891	0.470352	0.480728
17.4573	2.39731	2.53708	2.67418	2.1666	0.492554	1.65192	0.473099	0.50148
17.4673	2.39059	2.53052	2.67677	2.16438	0.485458	1.23001	0.474396	0.417404
17.4773	2.39571	2.51221	2.68173	2.17606	0.475693	0.903015	0.47287	0.357208
17.4873	2.39403	2.51381	2.67868	2.16583	0.480499	1.27831	0.468445	0.422974
17.4973	2.39258	2.51839	2.67876	2.16774	0.485535	1.5538	0.465164	0.476456
17.5073	2.38907	2.52525	2.66998	2.14073	0.487518	1.65504	0.466843	0.495834
17.5173	2.39403	2.54364	2.67876	2.16972	0.487213	1.2365	0.479279	0.423431
17.5273	2.39471	2.53113	2.67471	2.16766	0.474854	0.901489	0.473709	0.35881
17.5373	2.39029	2.51625	2.67395	2.14905	0.475311	1.27129	0.467529	0.425797
17.5473	2.39449	2.51167	2.68036	2.1682	0.485764	1.55258	0.469589	0.479279
17.5573	2.39479	2.51656	2.67845	2.16721	0.493164	1.65169	0.47081	0.497208
17.5673	2.39182	2.52274	2.67929	2.15302	0.483246	1.22925	0.474167	0.418396
17.5773	2.39594	2.53975	2.67365	2.1698	0.476379	0.905228	0.474319	0.358658
17.5873	2.39647	2.54066	2.67845	2.16873	0.479507	1.27274	0.471649	0.43045
17.5973	2.39624	2.52586	2.67616	2.16408	0.484924	1.55434	0.468674	0.482483
17.6073	2.39357	2.5106	2.68013	2.1727	0.496445	1.66191	0.446625	0.490036
17.6173	2.39738	2.51259	2.67685	2.16652	0.486298	1.24069	0.475159	0.422974
17.6273	2.39655	2.51747	2.67754	2.16469	0.475616	0.903168	0.47142	0.361023
17.6373	2.39479	2.52647	2.6696	2.13776	0.471115	1.2693	0.461349	0.421753
17.6473	2.39914	2.53906	2.67624	2.16995	0.489426	1.55724	0.469437	0.482483
17.6573	2.39578	2.53708	2.67708	2.16644	0.491409	1.65878	0.473938	0.502472
17.6673	2.39639	2.51259	2.67509	2.15012	0.482864	1.23672	0.471497	0.417709
17.6773	2.39655	2.51259	2.68112	2.17026	0.475693	0.904083	0.475388	0.362396
17.6873	2.3983	2.51503	2.67746	2.1656	0.479279	1.27487	0.47348	0.429306
17.6973	2.39761	2.52014	2.67853	2.16225	0.483856	1.55273	0.472107	0.483475
17.7073	2.39891	2.547	2.67792	2.17186	0.49324	1.6655	0.472183	0.507355
17.7173	2.40204	2.53555	2.6725	2.16553	0.486984	1.24023	0.473557	0.421295
17.7273	2.40013	2.53265	2.67708	2.16515	0.473099	0.900726	0.47081	0.357971
17.7373	2.39899	2.4968	2.66914	2.14188	0.465622	1.26305	0.459747	0.420685
17.7473	2.40013	2.50938	2.67929	2.16759	0.487442	1.55052	0.467529	0.484161
17.7573	2.40204	2.51968	2.68166	2.16904	0.494232	1.66122	0.474014	0.511169
17.7673	2.40219	2.52167	2.67487	2.15073	0.484238	1.24481	0.473785	0.427094
17.7773	2.40089	2.54272	2.67593	2.16782	0.47699	0.901489	0.469437	0.362015
17.7873	2.40456	2.53693	2.67738	2.16988	0.48172	1.27365	0.473709	0.4319
17.7973	2.3999	2.52731	2.67754	2.16354	0.485764	1.54861	0.468521	0.484161
17.8073	2.40128	2.50999	2.67975	2.17606	0.496368	1.66733	0.474625	0.511627
17.8173	2.40265	2.51175	2.67723	2.16408	0.485229	1.25153	0.477448	0.427094
17.8273	2.40311	2.51785	2.677	2.16324	0.472412	0.904846	0.472412	0.361633
17.8373	2.40334	2.52007	2.66769	2.13661	0.471497	1.26328	0.462875	0.426941
17.8473	2.4057	2.54204	2.67921	2.16995	0.488052	1.55083	0.471649	0.489883
17.8573	2.40601	2.53525	2.67601	2.16858	0.493393	1.66389	0.474777	0.513611
17.8673	2.40295	2.52556	2.67754	2.16125	0.488739	1.25244	0.475006	0.430603
17.8773	2.40601	2.51106	2.68021	2.17133	0.475235	0.905838	0.474167	0.363464
17.8873	2.40601	2.5116	2.677	2.16515	0.478668	1.26404	0.470734	0.43335
17.8973	2.4099	2.52144	2.68143	2.16469	0.487976	1.54907	0.472794	0.489349
17.9073	2.40562	2.53357	2.66968	2.15225	0.480804	1.65909	0.461044	0.507202
17.9173	2.40898	2.5367	2.67426	2.16637	0.487061	1.25732	0.476456	0.43045
17.9273	2.40944	2.53029	2.677	2.16911	0.476303	0.906219	0.473557	0.365295
17.9373	2.40677	2.51556	2.67456	2.15065	0.474396	1.25343	0.46402	0.431137
17.9473	2.41455	2.5119	2.68135	2.17064	0.485458	1.54823	0.466919	0.487366
17.9573	2.41203	2.51541	2.68013	2.16888	0.494766	1.66389	0.474091	0.516434
17.9673	2.40646	2.51984	2.67899	2.16072	0.487823	1.2574	0.474625	0.435104
17.9772	2.41272	2.54219	2.67502	2.16904	0.474548	0.900421	0.474396	0.365067
17.9872	2.4102	2.53876	2.67593	2.16614	0.47966	1.25824	0.467377	0.434647
17.9972	2.41379	2.52769	2.67563	2.16705	0.48378	1.54846	0.465546	0.492859
18.0072	2.40677	2.50877	2.67342	2.14348	0.485916	1.65581	0.466995	0.511475
18.0172	2.41394	2.50862	2.67769	2.16774	0.4879	1.2635	0.474701	0.435257
18.0272	2.41066	2.51175	2.67998	2.16454	0.476456	0.902939	0.472412	0.366135
18.0372	2.41112	2.52113	2.67731	2.15714	0.479736	1.25923	0.467758	0.436172
18.0472	2.41463	2.53922	2.67578	2.17026	0.487671	1.54694	0.467377	0.492859
18.0572	2.41386	2.5396	2.67899	2.16934	0.494919	1.67183	0.47226	0.520859
18.0672	2.41524	2.53281	2.67265	2.16759	0.483475	1.06346	0.474091	0.397491
18.0772	2.41249	2.519	2.67433	2.1579	0.474625	0.969925	0.468826	0.377502
18.0872	2.41653	2.51228	2.68166	2.17239	0.485001	1.25824	0.469742	0.438995
18.0972	2.41646	2.51366	2.68044	2.16858	0.488281	1.55251	0.470123	0.496292
18.1072	2.41547	2.51938	2.67418	2.15294	0.489807	1.65802	0.467224	0.517578
18.1172	2.41714	2.54349	2.67929	2.17247	0.491638	1.28189	0.476151	0.443954
18.1272	2.41516	2.53197	2.67395	2.16423	0.472794	0.897827	0.468979	0.365753
18.1372	2.41714	2.52914	2.67746	2.16957	0.484161	1.2558	0.467834	0.437241
18.1472	2.4118	2.49794	2.67288	2.13989	0.479507	1.5403	0.456314	0.491257
18.1572	2.41547	2.5087	2.68211	2.16942	0.489273	1.65939	0.465546	0.520477
18.1672	2.41806	2.51244	2.67723	2.16675	0.487366	1.27563	0.475159	0.443268
18.1772	2.41631	2.51801	2.67288	2.15042	0.470276	0.893021	0.465164	0.363464
18.1872	2.41829	2.53708	2.67372	2.16843	0.481033	1.25473	0.46936	0.439301
18.1972	2.41676	2.53357	2.67624	2.16698	0.485382	1.55312	0.465546	0.500793
18.2072	2.42294	2.53036	2.67868	2.16492	0.491638	1.66382	0.470657	0.526581
18.2172	2.41653	2.49931	2.67471	2.14279	0.48584	1.27754	0.469742	0.443649
18.2272	2.4189	2.50641	2.67662	2.1666	0.474167	0.897751	0.469818	0.365829
18.2372	2.42088	2.51488	2.67952	2.16866	0.479889	1.25168	0.46669	0.440826
18.2472	2.41859	2.51938	2.6767	2.15622	0.485458	1.54503	0.466537	0.501022
18.2572	2.42172	2.54021	2.67807	2.17232	0.496979	1.66779	0.467834	0.527802
18.2672	2.41943	2.53601	2.67822	2.16858	0.48851	1.27785	0.475159	0.447464
18.2772	2.42111	2.52548	2.67853	2.16553	0.474625	0.896988	0.469131	0.369263
18.2872	2.42096	2.5032	2.67502	2.14256	0.475006	1.24245	0.464172	0.441437
18.2972	2.42615	2.50763	2.67784	2.16599	0.484772	1.54037	0.462875	0.49942
18.3072	2.42455	2.51373	2.67868	2.16713	0.491943	1.65947	0.469131	0.532455
18.3172	2.42294	2.52045	2.67845	2.15698	0.489655	1.28998	0.47142	0.449753
18.3272	2.42691	2.54005	2.67586	2.16896	0.473099	0.897675	0.471115	0.370636
18.3372	2.42645	2.53601	2.67807	2.16904	0.480347	1.24634	0.466232	0.442352
18.3472	2.42546	2.52586	2.67601	2.16553	0.484085	1.54137	0.464096	0.506516
18.3572	2.42081	2.50107	2.67319	2.14333	0.486374	1.66466	0.462952	0.531082
18.3672	2.42905	2.51045	2.68234	2.17155	0.491409	1.28845	0.474091	0.454254
18.3772	2.42477	2.50763	2.67586	2.16499	0.475769	0.899582	0.46814	0.369415
18.3872	2.42111	2.51587	2.6757	2.1566	0.477676	1.24176	0.463867	0.444946
18.3972	2.42516	2.5399	2.67731	2.17194	0.490723	1.54305	0.471573	0.514984
18.4072	2.42287	2.5354	2.67807	2.16766	0.493393	1.66435	0.467758	0.537949
18.4172	2.42676	2.52647	2.67662	2.16721	0.488968	1.29585	0.473557	0.458069
18.4272	2.42477	2.5087	2.67502	2.146	0.471497	0.892868	0.461044	0.36499
18.4372	2.42821	2.50801	2.6786	2.1682	0.480423	1.24092	0.467224	0.446854
18.4472	2.42996	2.51282	2.68196	2.16957	0.488052	1.54411	0.467453	0.51239
18.4572	2.42676	2.5174	2.67845	2.16263	0.492172	1.66389	0.468063	0.54306
18.4672	2.42798	2.53868	2.67448	2.17186	0.490265	1.2941	0.475998	0.462341
18.4772	2.4276	2.53532	2.67845	2.17056	0.47966	0.904922	0.469513	0.376968
18.4872	2.42882	2.52983	2.67448	2.16522	0.476685	1.23466	0.463028	0.445328
18.4972	2.42889	2.51236	2.67677	2.15279	0.481873	1.53389	0.457916	0.508041
18.5072	2.43126	2.50664	2.6796	2.16873	0.490036	1.66847	0.467834	0.546036
18.5172	2.4321	2.5103	2.67815	2.1656	0.489655	1.31592	0.471497	0.465851
18.5272	2.42775	2.5119	2.67609	2.16209	0.475311	0.898438	0.465622	0.375519
18.5372	2.42813	2.52518	2.66846	2.14508	0.472565	1.22955	0.457001	0.447617
18.5472	2.43103	2.53555	2.67799	2.16972	0.485992	1.53854	0.463333	0.517807
18.5572	2.43317	2.53021	2.67647	2.1685	0.493393	1.66733	0.467529	0.547867
18.5672	2.42882	2.51717	2.67609	2.15561	0.484924	1.29623	0.469818	0.464096
18.5772	2.43378	2.50404	2.67914	2.17064	0.477448	0.903244	0.467453	0.377579
18.5872	2.43187	2.50809	2.67853	2.16484	0.479126	1.22978	0.465851	0.454788
18.5972	2.43462	2.51328	2.67914	2.16492	0.485229	1.53114	0.463791	0.519867
18.6072	2.43279	2.51816	2.66869	2.1357	0.482483	1.66061	0.45517	0.54657
18.6172	2.43286	2.53601	2.67578	2.16812	0.488129	1.29784	0.468063	0.46669
18.6271	2.43622	2.52686	2.67448	2.16621	0.473404	0.9021	0.465927	0.377655
18.6371	2.43225	2.51976	2.67731	2.16125	0.480042	1.22833	0.46257	0.454025
18.6471	2.43904	2.50465	2.68333	2.17644	0.48851	1.53252	0.463409	0.522995
18.6571	2.43576	2.5058	2.67944	2.16789	0.494385	1.66969	0.467224	0.558319
18.6671	2.4337	2.51465	2.68005	2.16599	0.48851	1.30302	0.469742	0.469055
18.6771	2.43507	2.51419	2.67227	2.14638	0.472336	0.897751	0.457458	0.37674
18.6871	2.43713	2.53548	2.67723	2.16843	0.481644	1.22856	0.463715	0.459671
18.6971	2.43744	2.52899	2.6783	2.16972	0.485992	1.52969	0.463181	0.527802
18.7071	2.43393	2.52266	2.67693	2.1656	0.492859	1.67183	0.464706	0.559998
18.7171	2.42859	2.49832	2.67731	2.16675	0.475311	1.29356	0.452881	0.463715
18.7271	2.43698	2.50519	2.67944	2.16507	0.478745	0.897446	0.463562	0.381699
18.7371	2.43919	2.51228	2.68227	2.16995	0.482025	1.22482	0.462799	0.460587
18.7471	2.44041	2.51434	2.6757	2.15309	0.485153	1.52527	0.460281	0.527725
18.7571	2.43797	2.53761	2.67807	2.17049	0.494537	1.67099	0.46196	0.56572
18.7671	2.4395	2.52899	2.67616	2.17079	0.490189	1.30966	0.471191	0.481796
18.7771	2.43462	2.52388	2.6767	2.16965	0.479431	0.899429	0.465469	0.383301
18.7871	2.43912	2.49153	2.67281	2.14325	0.472183	1.21193	0.451584	0.454254
18.7971	2.44362	2.50648	2.68379	2.17094	0.488205	1.53275	0.465927	0.538177
18.8071	2.44064	2.50854	2.67891	2.16652	0.491562	1.67114	0.463486	0.568771
18.8171	2.44026	2.51328	2.67731	2.16026	0.493317	1.31241	0.466309	0.484924
18.8271	2.44255	2.53815	2.67937	2.17354	0.480423	0.901413	0.466995	0.387726
18.8371	2.44179	2.53059	2.67639	2.17049	0.482559	1.22551	0.463791	0.466385
18.8471	2.43935	2.52457	2.67731	2.16743	0.484848	1.52428	0.461197	0.535583
18.8571	2.44179	2.50008	2.67632	2.14584	0.492477	1.67419	0.460358	0.573273
18.8671	2.44476	2.50427	2.68059	2.17026	0.493469	1.31554	0.468216	0.486221
18.8771	2.44362	2.50641	2.6783	2.16446	0.476151	0.896912	0.459824	0.386505
18.8871	2.44202	2.51228	2.67899	2.16156	0.478363	1.22116	0.458984	0.46402
18.8971	2.43996	2.53761	2.67616	2.17003	0.488663	1.5255	0.487976	0.525131
18.9071	2.44522	2.53464	2.67899	2.1714	0.492935	1.67755	0.465546	0.580826
18.9171	2.44286	2.52495	2.67586	2.16621	0.489502	1.32111	0.464935	0.492096
18.9271	2.44385	2.50473	2.67303	2.14966	0.475922	0.897369	0.460968	0.385895
18.9371	2.44484	2.5016	2.67982	2.1701	0.484161	1.21758	0.464325	0.469437
18.9471	2.44728	2.50443	2.67769	2.16507	0.483017	1.52405	0.459137	0.542603
18.9571	2.44484	2.51236	2.68036	2.1666	0.494995	1.67358	0.466614	0.586243
18.9671	2.4411	2.52182	2.66968	2.14272	0.480423	1.3121	0.455322	0.487823
18.9771	2.44598	2.52754	2.67616	2.16957	0.478363	0.9021	0.463638	0.390396
18.9871	2.44438	2.52678	2.67769	2.16721	0.480957	1.21666	0.460129	0.470581
18.9971	2.44675	2.50854	2.67517	2.15973	0.484695	1.52084	0.456924	0.546188
19.0071	2.44484	2.50114	2.68097	2.17278	0.496521	1.67313	0.46402	0.588455
19.0171	2.4482	2.5058	2.67975	2.16911	0.491409	1.33018	0.466537	0.501862
19.0271	2.44911	2.50793	2.67952	2.16805	0.480423	0.902786	0.464249	0.393829
19.0371	2.44469	2.51411	2.67189	2.14012	0.478745	1.21223	0.453262	0.468597
19.0471	2.4498	2.52853	2.67563	2.16957	0.488052	1.52008	0.459824	0.551834
19.0571	2.44522	2.52785	2.67883	2.16949	0.494385	1.67519	0.461884	0.593338
19.0671	2.4482	2.51297	2.67654	2.1611	0.490875	1.32507	0.462189	0.500031
19.0771	2.44652	2.50015	2.68181	2.17194	0.48027	0.906219	0.464783	0.395203
19.0871	2.45033	2.50458	2.68303	2.16743	0.478668	1.21223	0.458145	0.473557
19.0971	2.44949	2.5087	2.68135	2.16789	0.487213	1.52206	0.464935	0.559311
19.1071	2.44759	2.51831	2.67487	2.14394	0.492706	1.67419	0.460968	0.598373
19.1171	2.45316	2.53197	2.67876	2.17293	0.495834	1.33392	0.468979	0.511703
19.1271	2.44904	2.52441	2.67845	2.16896	0.477753	0.899429	0.456696	0.396118
19.1371	2.45071	2.51419	2.67578	2.16141	0.482712	1.20827	0.457611	0.477829
19.1471	2.44843	2.49229	2.67723	2.15973	0.473862	1.50742	0.442047	0.550079
19.1571	2.4514	2.5032	2.68135	2.17102	0.492401	1.67564	0.460052	0.604019
19.1671	2.45087	2.50648	2.67914	2.16682	0.492706	1.3385	0.465164	0.517502
19.1771	2.45087	2.51038	2.6722	2.14539	0.475998	0.899048	0.454102	0.394974
19.1871	2.45285	2.53014	2.67548	2.17056	0.484543	1.20773	0.460587	0.483398
19.1971	2.4498	2.52472	2.67776	2.16858	0.486908	1.51634	0.457687	0.56366
19.2071	2.45186	2.51793	2.6767	2.16621	0.493698	1.67892	0.461731	0.60997
19.2171	2.45125	2.48863	2.67509	2.14371	0.484924	1.33224	0.453262	0.511475
19.2271	2.4527	2.50191	2.68105	2.17018	0.481033	0.906677	0.461426	0.401459
19.2371	2.45377	2.50832	2.68211	2.16843	0.483475	1.20682	0.458603	0.484695
19.2471	2.45049	2.51312	2.6812	2.15714	0.486832	1.51413	0.457458	0.571671
19.2571	2.45789	2.53365	2.6786	2.17178	0.496902	1.67595	0.463562	0.620499
19.2671	2.45216	2.5251	2.67609	2.16721	0.491257	1.34407	0.462036	0.522919
19.2771	2.45483	2.51724	2.67769	2.16904	0.482025	0.907516	0.459671	0.405807
19.287	2.45163	2.49565	2.67502	2.14043	0.475845	1.20041	0.450974	0.482712
19.297	2.45605	2.49893	2.68021	2.17087	0.489655	1.51123	0.458298	0.572739
19.307	2.45567	2.50351	2.67906	2.16736	0.494156	1.67519	0.460968	0.623093
19.317	2.45361	2.50931	2.67761	2.15858	0.491943	1.34109	0.461578	0.528107
19.327	2.45705	2.53273	2.67769	2.17316	0.483398	0.906982	0.460739	0.410156
19.337	2.45422	2.52792	2.68044	2.17209	0.486298	1.1969	0.460815	0.493469
19.347	2.45667	2.51617	2.6786	2.16949	0.487137	1.51062	0.453339	0.576019
19.357	2.45163	2.50023	2.67754	2.14684	0.490799	1.67526	0.453339	0.62149
19.367	2.45796	2.49962	2.6796	2.16797	0.491562	1.35231	0.464096	0.536728
19.377	2.4572	2.50267	2.68013	2.16797	0.47966	0.905609	0.456772	0.416412
19.387	2.45468	2.50725	2.67738	2.15622	0.479279	1.19507	0.451584	0.489349
19.397	2.45834	2.53387	2.67967	2.17346	0.490036	1.50856	0.459137	0.583496
19.407	2.45796	2.52625	2.67609	2.16446	0.491791	1.67717	0.455933	0.629272
19.417	2.45934	2.52014	2.67685	2.1637	0.491104	1.34834	0.456619	0.533905
19.427	2.45468	2.50092	2.67708	2.15225	0.479126	0.899277	0.452194	0.410233
19.437	2.45674	2.49611	2.67822	2.16927	0.483627	1.19102	0.455017	0.494614
19.447	2.45743	2.49863	2.67876	2.16759	0.489044	1.50871	0.45517	0.585938
19.457	2.45972	2.50587	2.67792	2.16003	0.492477	1.67473	0.454559	0.634613
19.467	2.46185	2.53166	2.6799	2.17026	0.478821	1.34567	0.444183	0.531921
19.477	2.45621	2.52609	2.68013	2.16896	0.480194	0.899582	0.454941	0.413055
19.487	2.4604	2.52274	2.68074	2.17125	0.483627	1.19644	0.457458	0.502319
19.497	2.45583	2.50626	2.67868	2.155	0.486221	1.50299	0.452271	0.587921
19.507	2.45941	2.49809	2.68127	2.17026	0.497742	1.67656	0.457611	0.642242
19.517	2.45789	2.49939	2.68112	2.16957	0.495758	1.3549	0.464096	0.551147
19.527	2.45537	2.50328	2.67822	2.16591	0.479507	0.9021	0.451889	0.415649
19.537	2.4556	2.51503	2.66907	2.14531	0.475311	1.17363	0.442581	0.493774
19.547	2.45926	2.52655	2.67784	2.16682	0.487518	1.50536	0.454407	0.596085
19.557	2.46155	2.51839	2.67746	2.16919	0.493851	1.67892	0.45578	0.646667
19.567	2.45987	2.50916	2.68097	2.16042	0.495224	1.3662	0.458069	0.554428
19.577	2.46193	2.49702	2.68265	2.17422	0.482559	0.906448	0.456314	0.421677
19.587	2.45811	2.50015	2.6812	2.16766	0.485077	1.18103	0.45517	0.508194
19.597	2.45804	2.50549	2.68219	2.16843	0.489502	1.50192	0.454788	0.600891
19.607	2.45979	2.50618	2.66701	2.13669	0.486374	1.66832	0.445557	0.648117
19.617	2.46155	2.5251	2.67723	2.16743	0.49324	1.35818	0.455017	0.555725
19.627	2.46246	2.51564	2.67303	2.16629	0.477829	0.905991	0.449142	0.420685
19.637	2.45842	2.50748	2.67441	2.15782	0.481033	1.18073	0.449448	0.505829
19.647	2.46414	2.49557	2.68127	2.17194	0.488586	1.49757	0.452652	0.604019
19.657	2.46155	2.50008	2.68181	2.16812	0.494461	1.67625	0.456314	0.66658
19.667	2.46277	2.50359	2.68158	2.16728	0.494385	1.36787	0.4599	0.56366
19.677	2.4604	2.50565	2.67448	2.14272	0.479889	0.905914	0.44632	0.422211
19.687	2.46262	2.52556	2.67769	2.16667	0.482712	1.17599	0.451584	0.506287
19.697	2.46414	2.51816	2.67799	2.17003	0.489807	1.49658	0.45105	0.606079
19.707	2.46124	2.51297	2.6799	2.16408	0.4953	1.67526	0.452194	0.664291
19.717	2.46323	2.49527	2.68631	2.17758	0.497284	1.37024	0.461273	0.572968
19.727	2.46323	2.49451	2.67975	2.16789	0.484543	0.913239	0.450897	0.429764
19.737	2.4633	2.50175	2.67944	2.16507	0.484238	1.17279	0.451202	0.512466
19.747	2.46384	2.50389	2.67456	2.14813	0.48584	1.48987	0.445404	0.610428
19.757	2.46353	2.53029	2.67754	2.16949	0.499191	1.67862	0.453033	0.671387
19.767	2.46338	2.51656	2.67769	2.17094	0.49614	1.37543	0.457611	0.578003
19.777	2.45911	2.5132	2.67944	2.16644	0.48317	0.914383	0.45105	0.429993
19.787	2.46002	2.49016	2.67952	2.16927	0.473404	1.16005	0.437851	0.512085
19.797	2.46399	2.49306	2.6799	2.16736	0.49057	1.49231	0.450745	0.617065
19.807	2.46216	2.50107	2.68127	2.16721	0.494919	1.67786	0.453262	0.679779
19.817	2.46254	2.50305	2.6754	2.15347	0.493011	1.37627	0.45433	0.579529
19.827	2.46353	2.52563	2.6796	2.17056	0.484772	0.917816	0.450287	0.434036
19.837	2.46262	2.5161	2.67647	2.16835	0.483551	1.1676	0.449905	0.518188
19.847	2.46559	2.5164	2.68234	2.16949	0.490952	1.49284	0.450897	0.623322
19.857	2.46384	2.48146	2.67601	2.14813	0.491104	1.67183	0.443039	0.677567
19.867	2.46223	2.49153	2.6812	2.16904	0.496063	1.37474	0.454865	0.584183
19.877	2.46521	2.49954	2.68196	2.17163	0.486145	0.918274	0.452347	0.440979
19.887	2.46284	2.50031	2.6767	2.15645	0.484161	1.16051	0.446472	0.520477
19.897	2.46475	2.52876	2.68066	2.17537	0.490952	1.49399	0.456696	0.633926
19.907	2.46307	2.51732	2.67601	2.16866	0.49469	1.67519	0.449677	0.686264
19.917	2.46155	2.51343	2.67838	2.16782	0.494385	1.37741	0.454407	0.591736
19.927	2.46162	2.48611	2.67418	2.1431	0.476913	0.909882	0.441437	0.436935
19.9369	2.46582	2.49496	2.68356	2.17003	0.487366	1.16417	0.446472	0.521622
19.9469	2.4649	2.49825	2.68379	2.17232	0.491638	1.49002	0.450745	0.630875
19.9569	2.46651	2.50168	2.67906	2.16263	0.496674	1.67702	0.447006	0.692596
19.9669	2.46414	2.53021	2.67784	2.17476	0.499115	1.38817	0.456161	0.602417
19.9769	2.46521	2.5177	2.67792	2.17133	0.487213	0.916901	0.448303	0.447235
19.9869	2.4614	2.51694	2.68013	2.16759	0.485077	1.16287	0.448685	0.526886
19.9969	2.4646	2.49641	2.67838	2.155	0.487747	1.48506	0.446548	0.637512
20.0069	2.46231	2.49344	2.68295	2.17293	0.498047	1.67778	0.453491	0.705795
20.0169	2.46468	2.49474	2.68181	2.17041	0.500031	1.38527	0.454788	0.606689
20.0269	2.46338	2.49664	2.67876	2.16522	0.483475	0.911484	0.444107	0.447388
20.0369	2.45979	2.50549	2.66983	2.14211	0.476608	1.14502	0.437469	0.524139
20.0469	2.46956	2.51869	2.67868	2.17003	0.493164	1.48476	0.446167	0.638885
20.0569	2.4659	2.51816	2.6815	2.17148	0.498276	1.67709	0.454102	0.711288
20.0669	2.46727	2.50519	2.67998	2.16507	0.500259	1.38802	0.454865	0.612183
20.0769	2.46361	2.49069	2.68463	2.17621	0.488739	0.918427	0.449219	0.450592
20.0869	2.46681	2.48886	2.67792	2.1669	0.483856	1.14899	0.442963	0.530853
20.0969	2.46437	2.4987	2.67998	2.16629	0.49263	1.48163	0.450668	0.650558
20.1069	2.46109	2.50427	2.67593	2.14516	0.494156	1.67976	0.445023	0.712814
20.1169	2.46735	2.51831	2.677	2.16949	0.498276	1.39374	0.450668	0.61821
20.1269	2.4617	2.51656	2.67746	2.17026	0.486298	0.90889	0.441742	0.449448
20.1369	2.46391	2.50565	2.67746	2.16324	0.48378	1.14525	0.445023	0.531845
20.1469	2.46353	2.47543	2.67418	2.14821	0.480804	1.4711	0.43541	0.642853
20.1569	2.4659	2.49344	2.68501	2.17499	0.498199	1.67915	0.452194	0.721512
20.1669	2.46758	2.49428	2.68066	2.16736	0.49942	1.39587	0.452118	0.617371
20.1769	2.46063	2.49741	2.67693	2.15569	0.486069	0.914078	0.439453	0.454483
20.1869	2.46582	2.52213	2.67883	2.17163	0.486298	1.1467	0.444794	0.53833
20.1969	2.46277	2.51526	2.67944	2.17056	0.492859	1.47537	0.445023	0.651855
20.2069	2.46399	2.50832	2.6783	2.16904	0.498428	1.67862	0.447083	0.728836
20.2169	2.46445	2.49008	2.6796	2.14867	0.495453	1.39961	0.445862	0.625534
20.2269	2.46452	2.48856	2.68173	2.17293	0.488434	0.919647	0.44632	0.460434
20.2369	2.46361	2.48932	2.6783	2.1653	0.488052	1.14166	0.44075	0.53894
20.2469	2.46284	2.49832	2.68082	2.1627	0.491409	1.47141	0.442276	0.654678
20.2569	2.46002	2.51968	2.67609	2.16583	0.484772	1.67053	0.432129	0.726242
20.2669	2.46231	2.51549	2.6786	2.1698	0.499725	1.39664	0.450668	0.633545
20.2769	2.46689	2.50763	2.67639	2.16805	0.485001	0.916672	0.437393	0.459824
20.2869	2.46117	2.49992	2.67952	2.16141	0.49118	1.14479	0.443726	0.545731
20.2969	2.46506	2.4881	2.68417	2.17567	0.494308	1.47408	0.447083	0.666122
20.3069	2.46384	2.49161	2.68227	2.16927	0.497971	1.67885	0.446548	0.740814
20.3169	2.46384	2.49809	2.68593	2.1685	0.502319	1.40289	0.452271	0.640869
20.3299	2.46521	2.48924	2.67746	2.16759	0.491028	1.40114	0.439911	0.639267
20.3409	2.46483	2.49603	2.68188	2.17064	0.501404	1.64276	0.448151	0.733032
20.3469	2.46506	2.50885	2.6767	2.16858	0.489349	1.46202	0.442734	0.66597
20.3569	2.46117	2.51068	2.6786	2.16896	0.500107	1.67076	0.443878	0.744858
20.3669	2.45941	2.48222	2.68074	2.17148	0.489349	1.39496	0.437241	0.638199
20.3769	2.46246	2.48749	2.68044	2.16835	0.488052	0.924377	0.440521	0.470123
20.3869	2.46239	2.49359	2.68288	2.17094	0.491486	1.13724	0.441742	0.54863
20.3969	2.46422	2.4958	2.67868	2.15881	0.488205	1.45973	0.438309	0.663452
20.4069	2.46071	2.51938	2.67899	2.17216	0.498199	1.66931	0.446854	0.748444
20.4169	2.46399	2.51472	2.67799	2.16904	0.497208	1.41075	0.447845	0.653381
20.4269	2.46414	2.51053	2.68051	2.17064	0.492249	0.925827	0.439835	0.468445
20.4369	2.46178	2.48299	2.67578	2.14752	0.485687	1.12183	0.434265	0.544281
20.4469	2.46796	2.48871	2.68478	2.17316	0.493698	1.45859	0.440521	0.678787
20.4569	2.46216	2.48978	2.68188	2.1714	0.501328	1.67404	0.445175	0.754242
20.4669	2.46338	2.49397	2.67876	2.16484	0.49881	1.40991	0.446167	0.655594
20.4769	2.4572	2.50359	2.67365	2.14424	0.479355	0.923386	0.428619	0.470047
20.4869	2.46262	2.51396	2.67921	2.173	0.491333	1.12564	0.442886	0.556107
20.4969	2.45857	2.51152	2.68112	2.17171	0.492783	1.45821	0.441589	0.678558
20.5069	2.46254	2.49985	2.67891	2.16309	0.49881	1.66985	0.440674	0.757751
20.5169	2.46407	2.48497	2.68372	2.17606	0.504837	1.4135	0.452576	0.651779
20.5269	2.46353	2.48749	2.68326	2.17278	0.491638	0.939255	0.440903	0.480957
20.5369	2.46071	2.49084	2.68082	2.17026	0.49057	1.1232	0.440292	0.555725
20.5469	2.45934	2.49649	2.67883	2.15538	0.490265	1.45462	0.435333	0.680771
20.5569	2.46124	2.51556	2.67822	2.17049	0.499344	1.67213	0.442352	0.767441
20.5669	2.46399	2.5145	2.68135	2.17072	0.498505	1.41243	0.443192	0.665894
20.5769	2.46178	2.5061	2.6796	2.16843	0.491257	0.942841	0.435867	0.480881
20.5868	2.45995	2.48581	2.67769	2.15004	0.488663	1.12122	0.437317	0.554886
20.5968	2.4617	2.48283	2.68158	2.1698	0.491104	1.45126	0.438614	0.684509
20.6068	2.46307	2.49016	2.68173	2.16904	0.502014	1.67297	0.439682	0.774002
20.6168	2.46132	2.49344	2.68166	2.16553	0.500946	1.41899	0.445023	0.676804
20.6268	2.45888	2.49664	2.66907	2.14378	0.482178	0.934601	0.42511	0.481033
20.6368	2.45972	2.51205	2.67784	2.17026	0.489197	1.11504	0.435638	0.55748
20.6468	2.46338	2.50626	2.67815	2.17018	0.490952	1.45035	0.439224	0.693054
20.6568	2.45949	2.49954	2.68013	2.16522	0.501556	1.66336	0.439453	0.774918
20.6668	2.46315	2.48436	2.68295	2.17712	0.502014	1.42273	0.44548	0.68306
20.6768	2.46323	2.48154	2.67807	2.16606	0.489349	0.945587	0.434875	0.488892
20.6868	2.463	2.49207	2.68356	2.17087	0.492096	1.11496	0.436935	0.564117
20.6968	2.46277	2.49191	2.67662	2.15508	0.489807	1.44119	0.436478	0.692978
20.7068	2.46002	2.51694	2.68349	2.17201	0.498352	1.66977	0.444489	0.785294
20.7168	2.46552	2.51022	2.68013	2.17079	0.503159	1.4193	0.442276	0.68222
20.7268	2.46078	2.50427	2.67807	2.16698	0.490723	0.949402	0.435715	0.496063
20.7368	2.46437	2.48177	2.67624	2.14806	0.485687	1.09978	0.424957	0.555649
20.7468	2.46452	2.48512	2.68562	2.17422	0.495605	1.44135	0.438004	0.697098
20.7568	2.46391	2.49138	2.68219	2.17056	0.501785	1.66588	0.439224	0.79361
20.7668	2.46307	2.48856	2.67906	2.16438	0.500793	1.42502	0.440598	0.689392
20.7768	2.4588	2.49603	2.67303	2.14249	0.485458	0.951004	0.425797	0.496521
20.7868	2.46361	2.50771	2.67555	2.16743	0.490265	1.09726	0.432129	0.559387
20.7968	2.46498	2.509	2.68227	2.17422	0.496902	1.44104	0.438766	0.702057
20.8068	2.46353	2.5	2.67967	2.16751	0.497742	1.66679	0.438843	0.792847
20.8168	2.46086	2.47208	2.67944	2.15645	0.495377	1.42288	0.432281	0.689011
20.8268	2.46506	2.48253	2.68257	2.17316	0.493546	0.95726	0.434418	0.505753
20.8368	2.4659	2.48802	2.6812	2.17094	0.493774	1.1039	0.433197	0.566254
20.8468	2.46437	2.49443	2.6786	2.15805	0.494614	1.43143	0.431671	0.699005
20.8568	2.46658	2.51472	2.67975	2.1756	0.502777	1.67023	0.440674	0.804138
20.8668	2.46506	2.50946	2.67883	2.16957	0.503311	1.43066	0.441589	0.703583
20.8768	2.46773	2.50305	2.68005	2.17117	0.493317	0.961609	0.430908	0.509109
20.8868	2.46445	2.49176	2.67899	2.15668	0.490036	1.08604	0.425873	0.562515
20.8968	2.46864	2.47986	2.6825	2.17583	0.495453	1.42967	0.434265	0.708313
20.9068	2.46666	2.48695	2.68341	2.17178	0.503082	1.66428	0.439072	0.809174
20.9168	2.46498	2.48779	2.68028	2.16629	0.502625	1.42868	0.438004	0.705185
20.9268	2.46407	2.48894	2.6738	2.14798	0.489349	0.964279	0.42572	0.50972
20.9368	2.46407	2.51053	2.67876	2.17163	0.492554	1.08719	0.430603	0.567017
20.9468	2.46826	2.50526	2.68005	2.17323	0.497513	1.43158	0.433807	0.707855
20.9568	2.46429	2.50351	2.68257	2.16965	0.50148	1.66092	0.437241	0.813293
20.9668	2.46384	2.46788	2.67342	2.14256	0.494003	1.42868	0.427551	0.705643
20.9768	2.46391	2.47864	2.68166	2.17148	0.4953	0.968628	0.428619	0.515289
20.9868	2.46712	2.48718	2.68387	2.17171	0.493622	1.08711	0.42984	0.570068
20.9968	2.46376	2.48505	2.67792	2.1624	0.49324	1.4222	0.430908	0.710068
21.0068	2.46017	2.50099	2.67235	2.14851	0.48996	1.65375	0.422211	0.804062
21.0168	2.46986	2.51007	2.68066	2.17239	0.503464	1.43242	0.439224	0.71579
21.0268	2.4675	2.50748	2.68257	2.17102	0.496445	0.981674	0.43129	0.523605
21.0368	2.46712	2.49435	2.67975	2.16606	0.491257	1.08177	0.426712	0.569458
21.0468	2.45941	2.47047	2.67639	2.16141	0.480728	1.4048	0.415878	0.707169
21.0568	2.46735	2.4826	2.68387	2.17094	0.498657	1.65962	0.433426	0.821991
21.0668	2.46651	2.48398	2.68158	2.17018	0.504456	1.437	0.437164	0.724945
21.0768	2.46094	2.48993	2.67731	2.15729	0.493011	0.980301	0.423889	0.521545
21.0868	2.46841	2.51312	2.67967	2.17445	0.494308	1.08665	0.431213	0.573654
21.0968	2.46384	2.50748	2.68051	2.16881	0.495758	1.41296	0.428314	0.715027
21.1068	2.46796	2.49908	2.67761	2.16911	0.500641	1.66168	0.434723	0.826035
21.1168	2.46635	2.49092	2.68188	2.16034	0.502701	1.43906	0.433121	0.728989
21.1268	2.46803	2.47704	2.68112	2.17117	0.491409	0.984421	0.427704	0.529633
21.1368	2.46582	2.48123	2.6828	2.17216	0.495453	1.07651	0.429535	0.578003
21.1468	2.46758	2.48474	2.68097	2.16751	0.494995	1.41487	0.424652	0.716095
21.1568	2.46735	2.48787	2.67502	2.14981	0.499344	1.65482	0.428772	0.827484
21.1668	2.46788	2.51259	2.68044	2.17293	0.503998	1.44241	0.437317	0.734177
21.1768	2.4704	2.50107	2.67639	2.17003	0.49469	0.997696	0.428314	0.536575
21.1868	2.46506	2.50267	2.68059	2.16995	0.496674	1.07018	0.430069	0.57785
21.1968	2.46567	2.47108	2.67509	2.14684	0.491257	1.40701	0.422974	0.72197
21.2068	2.46803	2.47841	2.68242	2.17148	0.499878	1.65268	0.433731	0.839386
21.2168	2.46994	2.48344	2.68425	2.1727	0.50705	1.44699	0.437775	0.742493
21.2268	2.46964	2.48734	2.68272	2.16827	0.497437	1.0009	0.426788	0.542755
21.2367	2.46284	2.4897	2.67365	2.14264	0.48912	1.06155	0.414886	0.569382
21.2467	2.46742	2.50603	2.6799	2.1743	0.499191	1.41075	0.431976	0.731812
21.2567	2.46353	2.50587	2.68066	2.17308	0.502548	1.65451	0.428543	0.840607
21.2667	2.46895	2.49397	2.68005	2.16949	0.505219	1.4447	0.433121	0.74379
21.2767	2.46277	2.46506	2.67563	2.14355	0.490646	1.00014	0.41893	0.540543
21.2867	2.46864	2.47925	2.68272	2.17361	0.494537	1.06651	0.42244	0.576324
21.2967	2.46902	2.47917	2.68433	2.17018	0.495987	1.39717	0.425949	0.728607
21.3067	2.46674	2.48634	2.6812	2.16484	0.500946	1.65642	0.430069	0.84465
21.3167	2.46559	2.49588	2.67006	2.1508	0.493698	1.45355	0.417786	0.748596
21.3267	2.46536	2.50252	2.67807	2.17079	0.497818	1.00296	0.420837	0.547485
21.3367	2.46605	2.49817	2.677	2.16858	0.491486	1.04782	0.420761	0.575333
21.3467	2.46391	2.4939	2.68127	2.16652	0.49736	1.40457	0.426254	0.738068
21.3567	2.46696	2.47749	2.68555	2.17865	0.502014	1.65306	0.407181	0.835037
21.3667	2.46506	2.47429	2.68021	2.16957	0.506439	1.44981	0.431747	0.757446
21.3767	2.46689	2.48108	2.68227	2.17148	0.499649	1.02356	0.427246	0.562973
21.3867	2.46605	2.48306	2.6786	2.16164	0.493317	1.03737	0.418777	0.571518
21.3967	2.46666	2.50938	2.67998	2.17339	0.49675	1.40625	0.427094	0.74295
21.4067	2.46834	2.50168	2.67815	2.17224	0.503922	1.64894	0.426483	0.851517
21.4167	2.4649	2.50221	2.68341	2.17262	0.504379	1.4473	0.431061	0.759583
21.4267	2.46407	2.48634	2.67937	2.16133	0.497055	1.02287	0.41954	0.558777
21.4367	2.46536	2.47726	2.68608	2.17781	0.497284	1.05293	0.425491	0.583267
21.4467	2.4659	2.47765	2.68288	2.16919	0.493469	1.38748	0.41954	0.736618
21.4567	2.46613	2.47757	2.67891	2.16751	0.50415	1.65237	0.426483	0.858688
21.4667	2.46574	2.48589	2.6783	2.15805	0.505066	1.44829	0.424347	0.763626
21.4767	2.4675	2.50595	2.68028	2.17361	0.503464	1.03958	0.425644	0.573196
21.4867	2.46368	2.50252	2.6786	2.16972	0.495224	1.04706	0.420837	0.58075
21.4967	2.46552	2.49519	2.67883	2.17293	0.497284	1.3884	0.425339	0.741577
21.5067	2.46574	2.48589	2.68028	2.16202	0.501556	1.64551	0.426102	0.866394
21.5167	2.46643	2.47437	2.68318	2.17545	0.507812	1.45386	0.430908	0.770493
21.5267	2.46353	2.47169	2.67891	2.16743	0.499649	1.045	0.421066	0.575714
21.5367	2.46437	2.48039	2.68044	2.16751	0.493164	1.04141	0.417938	0.582581
21.5467	2.46811	2.48276	2.67807	2.15759	0.49614	1.3813	0.420227	0.742188
21.5567	2.46552	2.50908	2.68227	2.17369	0.503998	1.64558	0.426865	0.865173
21.5667	2.46719	2.49908	2.67899	2.17293	0.508423	1.45584	0.431671	0.777893
21.5767	2.4646	2.49496	2.68082	2.17079	0.500717	1.05286	0.417404	0.582809
21.5867	2.46368	2.47467	2.67715	2.15408	0.492859	1.04095	0.411682	0.582657
21.5967	2.46452	2.47055	2.68158	2.17209	0.496674	1.37871	0.422058	0.743408
21.6077	2.46597	2.47643	2.68463	2.17514	0.50972	1.61873	0.429153	0.858154
21.6177	2.46628	2.47566	2.68082	2.16896	0.50621	1.19766	0.424194	0.656967
21.6277	2.46468	2.48367	2.68188	2.16713	0.493088	0.911484	0.414429	0.524521
21.6377	2.46124	2.48276	2.66953	2.14279	0.488281	1.24969	0.410004	0.683975
21.6477	2.46368	2.50031	2.67921	2.17224	0.502396	1.54839	0.422592	0.830536
21.6577	2.46559	2.49802	2.67929	2.17155	0.503845	1.60393	0.425873	0.858002
21.6677	2.46338	2.49161	2.68196	2.16957	0.505219	1.2146	0.423279	0.66925
21.6777	2.46353	2.45926	2.67609	2.15271	0.486069	0.897369	0.402985	0.516891
21.6877	2.46468	2.47025	2.68036	2.16881	0.498428	1.26335	0.420074	0.700607
21.6977	2.46666	2.47589	2.68257	2.1727	0.50293	1.52641	0.42366	0.826569
21.7077	2.46063	2.48001	2.67891	2.16339	0.504913	1.6185	0.422363	0.871506
21.7177	2.45888	2.49367	2.67464	2.15309	0.496063	1.20422	0.411453	0.666351
21.7277	2.46147	2.49725	2.67769	2.17041	0.495224	0.902405	0.412979	0.524521
21.7377	2.46155	2.49649	2.67784	2.16934	0.497284	1.25946	0.415878	0.701065
21.7477	2.46498	2.48421	2.67868	2.16599	0.498505	1.52435	0.41893	0.827332
21.7577	2.46025	2.45827	2.67403	2.14523	0.494385	1.60324	0.413132	0.866699
21.7677	2.46277	2.47223	2.68166	2.17163	0.506287	1.21597	0.423813	0.67627
21.7777	2.46193	2.4762	2.68341	2.17316	0.497513	0.903549	0.413666	0.527802
21.7877	2.45743	2.47849	2.67891	2.16324	0.498199	1.2545	0.415268	0.700531
21.7977	2.45766	2.49672	2.67639	2.16278	0.490036	1.51817	0.408249	0.829315
21.8077	2.46231	2.5029	2.68326	2.17453	0.509262	1.61339	0.426331	0.880356
21.8177	2.46254	2.49336	2.67792	2.1698	0.502396	1.22437	0.422363	0.685425
21.8277	2.4617	2.48489	2.67609	2.16248	0.491714	0.896225	0.409241	0.523529
21.8377	2.46506	2.47009	2.68433	2.17857	0.499725	1.25603	0.417099	0.704269
21.8477	2.46048	2.46857	2.68173	2.17102	0.500565	1.51939	0.419998	0.836182
21.8577	2.46246	2.47696	2.68326	2.17224	0.509491	1.61346	0.422821	0.884171
21.8677	2.46162	2.48116	2.68059	2.16408	0.50354	1.23085	0.417099	0.690155
21.8777	2.46109	2.50496	2.68044	2.17842	0.504608	0.90332	0.415497	0.533752
21.8877	2.46353	2.49718	2.6786	2.17491	0.501862	1.25183	0.41626	0.707321
21.8976	2.46025	2.49092	2.67899	2.17033	0.503387	1.51833	0.419006	0.842972
21.9076	2.45918	2.47963	2.67769	2.16339	0.508041	1.61125	0.419922	0.891037
21.9176	2.46346	2.47025	2.68547	2.17804	0.509796	1.23703	0.419464	0.679092
21.9276	2.46254	2.47185	2.68387	2.17476	0.498123	0.902176	0.409622	0.532303
21.9376	2.45995	2.47581	2.68272	2.17171	0.499954	1.24855	0.418549	0.711365
21.9476	2.45628	2.47986	2.67975	2.16118	0.497894	1.51115	0.415421	0.841217
21.9576	2.4601	2.50084	2.67868	2.17575	0.507584	1.61613	0.426102	0.898056
21.9676	2.45697	2.49786	2.68013	2.17056	0.504761	1.24023	0.417786	0.703201
21.9776	2.45728	2.48657	2.67593	2.17049	0.497208	0.899506	0.406113	0.529709
21.9876	2.45712	2.48123	2.67853	2.16362	0.497284	1.21643	0.408401	0.695953
21.9976	2.45811	2.46887	2.6828	2.1769	0.50415	1.51924	0.419617	0.851288
22.0076	2.45735	2.4691	2.68127	2.17041	0.507812	1.60789	0.420914	0.904236
22.0176	2.45659	2.4778	2.68417	2.1698	0.505753	1.23482	0.416718	0.703964
22.0276	2.45743	2.47849	2.67868	2.15942	0.494766	0.897064	0.408096	0.53566
22.0376	2.45712	2.50175	2.67929	2.17407	0.498886	1.2352	0.415039	0.71167
22.0476	2.4601	2.49352	2.67845	2.17384	0.506287	1.50993	0.417328	0.852737
22.0576	2.45453	2.49176	2.67952	2.17049	0.507431	1.61743	0.423431	0.907669
22.0676	2.45728	2.47345	2.67876	2.15874	0.506439	1.24405	0.415344	0.710526
22.0776	2.45773	2.46376	2.68021	2.17278	0.498581	0.894699	0.406647	0.534668
22.0876	2.4614	2.47223	2.68242	2.17293	0.501404	1.23421	0.411758	0.712585
22.0976	2.45773	2.4707	2.68005	2.16957	0.502014	1.50322	0.415573	0.850983
22.1076	2.45377	2.48047	2.6796	2.15485	0.506744	1.61118	0.418015	0.909271
22.1176	2.45972	2.49863	2.67883	2.17308	0.505981	1.24313	0.414505	0.715332
22.1276	2.45674	2.49413	2.68105	2.17285	0.498505	0.889359	0.403824	0.537186
22.1376	2.45735	2.4865	2.67838	2.1701	0.500412	1.22772	0.409851	0.713959
22.1476	2.45316	2.47154	2.67815	2.15652	0.497208	1.49605	0.411224	0.853348
22.1576	2.45888	2.46704	2.68166	2.17178	0.508575	1.61514	0.421295	0.914612
22.1676	2.45575	2.46597	2.67914	2.16911	0.503998	1.24702	0.414276	0.721436
22.1776	2.45636	2.47368	2.68204	2.17087	0.499725	0.893097	0.405197	0.540619
22.1876	2.45361	2.47421	2.67265	2.14821	0.495911	1.21468	0.404282	0.710754
22.1976	2.45285	2.4971	2.6786	2.17239	0.50087	1.49605	0.414658	0.857925
22.2076	2.45308	2.49023	2.67868	2.1727	0.509186	1.61285	0.419159	0.920258
22.2176	2.4514	2.48878	2.68028	2.1698	0.506973	1.25328	0.415192	0.730286
22.2276	2.45277	2.45804	2.67517	2.14569	0.492172	0.886765	0.396652	0.534668
22.2376	2.45247	2.46559	2.68257	2.17232	0.500488	1.21773	0.411453	0.715866
22.2476	2.45361	2.4675	2.68066	2.17018	0.500183	1.49353	0.410767	0.860672
22.2576	2.45338	2.47078	2.67776	2.16484	0.5056	1.60851	0.41748	0.927505
22.2676	2.4501	2.48016	2.67403	2.14622	0.505142	1.25763	0.410461	0.735779
22.2776	2.45537	2.49458	2.67937	2.17445	0.502014	0.895386	0.402756	0.546722
22.2876	2.45216	2.49168	2.68051	2.17415	0.50415	1.21559	0.408783	0.718231
22.2976	2.45209	2.47932	2.67593	2.16537	0.499725	1.49147	0.409546	0.863342
22.3076	2.45056	2.45667	2.6757	2.14355	0.501709	1.60355	0.408096	0.926819
22.3176	2.45232	2.46765	2.68402	2.17636	0.512238	1.26572	0.417862	0.746155
22.3276	2.45316	2.46742	2.67929	2.16972	0.500565	0.890732	0.397797	0.53894
22.3376	2.4485	2.47803	2.67776	2.16309	0.500641	1.2085	0.403442	0.711823
22.3476	2.44781	2.48306	2.66891	2.15164	0.491714	1.48369	0.396347	0.860748
22.3576	2.44934	2.49359	2.67891	2.17369	0.50972	1.61285	0.414276	0.938339
22.3676	2.45316	2.48695	2.67754	2.17247	0.509109	1.26999	0.414734	0.749588
22.3776	2.44644	2.47948	2.67929	2.16736	0.49881	0.889359	0.398407	0.545731
22.3876	2.45003	2.46651	2.686	2.18109	0.502319	1.20537	0.406189	0.719604
22.3976	2.45209	2.46445	2.68028	2.16919	0.500183	1.48094	0.407791	0.865936
22.4076	2.44965	2.47101	2.6828	2.17262	0.510635	1.6153	0.415649	0.941467
22.4176	2.4501	2.47581	2.6812	2.16492	0.509567	1.27251	0.416031	0.755615
22.4276	2.44965	2.49741	2.68036	2.1772	0.504684	0.891266	0.405579	0.552826
22.4376	2.45132	2.48924	2.67723	2.17316	0.501022	1.19675	0.404587	0.722198
22.4476	2.44766	2.48734	2.67937	2.17194	0.50209	1.47903	0.409088	0.872345
22.4576	2.44675	2.47086	2.67685	2.15866	0.505447	1.6111	0.410309	0.945816
22.4676	2.4485	2.46475	2.68562	2.17743	0.512161	1.28342	0.415497	0.76416
22.4776	2.4498	2.46742	2.68433	2.17476	0.503769	0.889664	0.403061	0.55275
22.4876	2.4485	2.46941	2.67998	2.16988	0.501785	1.19301	0.404205	0.719376
22.4976	2.44331	2.47421	2.677	2.15302	0.50087	1.47598	0.404816	0.871658
22.5076	2.45079	2.49344	2.67929	2.17621	0.512466	1.61598	0.415802	0.954285
22.5176	2.44904	2.49306	2.6825	2.17529	0.511398	1.28227	0.413742	0.766907
22.5276	2.44858	2.4807	2.67754	2.17041	0.498428	0.885391	0.398331	0.548096
22.5376	2.4456	2.46849	2.68005	2.15454	0.499039	1.18759	0.398712	0.717697
22.5476	2.44911	2.46346	2.68364	2.17766	0.507126	1.47598	0.412216	0.878906
22.5575	2.44476	2.46582	2.68227	2.17247	0.510559	1.61224	0.415039	0.958023
22.5675	2.44522	2.47276	2.68234	2.17094	0.51178	1.28304	0.410767	0.772705
22.5775	2.44568	2.4707	2.66975	2.14066	0.494614	0.880508	0.391541	0.546875
22.5915	2.44644	2.47063	2.6815	2.17422	0.514908	1.57875	0.417099	0.941544
22.6025	2.44675	2.46696	2.68059	2.17316	0.50148	0.973434	0.401306	0.610428
22.6075	2.44293	2.48352	2.68143	2.1685	0.513382	1.61362	0.407867	0.961151
22.6175	2.44247	2.4498	2.67532	2.15202	0.496979	1.27426	0.395889	0.768127
22.6275	2.44514	2.46185	2.68257	2.17255	0.502243	0.889587	0.400543	0.556946
22.6375	2.44484	2.46475	2.68036	2.17255	0.503311	1.18294	0.402451	0.723953
22.6475	2.44537	2.47032	2.68074	2.16812	0.504761	1.46812	0.406342	0.883636
22.6575	2.44331	2.49657	2.67914	2.17018	0.495682	1.60286	0.395279	0.95726
22.6675	2.44644	2.49023	2.68112	2.17644	0.514526	1.29303	0.410919	0.785522
22.6775	2.44286	2.48581	2.67921	2.17323	0.502625	0.890503	0.396118	0.556946
22.6875	2.44698	2.4736	2.677	2.16202	0.499115	1.17348	0.400467	0.720673
22.6975	2.44652	2.46162	2.68372	2.17682	0.506973	1.47141	0.407257	0.887909
22.7075	2.44453	2.46407	2.68272	2.17384	0.510864	1.6169	0.413742	0.971832
22.7175	2.44392	2.46521	2.67876	2.16888	0.508499	1.29486	0.408096	0.789642
22.7275	2.43912	2.47238	2.67662	2.15515	0.497742	0.886383	0.393143	0.559464
22.7375	2.44331	2.4929	2.67952	2.17636	0.505524	1.17371	0.404053	0.727463
22.7475	2.44209	2.48589	2.67632	2.16934	0.501556	1.45935	0.40535	0.887527
22.7575	2.44438	2.48383	2.68082	2.17148	0.509109	1.61613	0.409927	0.974121
22.7675	2.43958	2.4704	2.6825	2.15729	0.508499	1.30005	0.405655	0.795059
22.7775	2.44026	2.4614	2.68044	2.17606	0.502853	0.890808	0.395889	0.562363
22.7875	2.44049	2.45934	2.67776	2.16789	0.501938	1.16623	0.398636	0.722656
22.7975	2.44026	2.46628	2.67792	2.16805	0.503235	1.45752	0.404968	0.889435
22.8075	2.44225	2.47543	2.67509	2.14584	0.507355	1.60706	0.405579	0.979767
22.8175	2.43843	2.49481	2.68158	2.17766	0.516434	1.30524	0.411835	0.803833
22.8275	2.44255	2.48276	2.67555	2.17018	0.500107	0.886459	0.391541	0.561981
22.8375	2.43782	2.48192	2.68196	2.17178	0.50354	1.16943	0.403137	0.726547
22.8475	2.43782	2.44995	2.67235	2.15645	0.492325	1.44707	0.393143	0.884857
22.8575	2.44202	2.46162	2.68517	2.17392	0.511322	1.61591	0.409164	0.984802
22.8675	2.44049	2.46727	2.6828	2.17255	0.510635	1.30875	0.408936	0.80513
22.8775	2.43866	2.46681	2.67769	2.16339	0.502167	0.883636	0.393448	0.56488
22.8875	2.43477	2.48055	2.66983	2.14874	0.493393	1.21582	0.387268	0.759964
22.8975	2.44232	2.48573	2.67883	2.17499	0.506058	1.45454	0.402298	0.894928
22.9075	2.43797	2.48383	2.67921	2.17163	0.509186	1.61079	0.410004	0.985489
22.9175	2.43752	2.46696	2.67807	2.1624	0.512466	1.30905	0.402985	0.808868
22.9275	2.43813	2.46117	2.68318	2.17896	0.506592	0.890884	0.398788	0.570374
22.9375	2.44141	2.46048	2.67799	2.16904	0.500183	1.15349	0.395279	0.727844
22.9475	2.43958	2.46468	2.67952	2.16965	0.502548	1.44783	0.402069	0.896378
22.9575	2.43523	2.47185	2.67784	2.15385	0.507202	1.61179	0.405502	0.991974
22.9675	2.43889	2.48886	2.68135	2.17804	0.514679	1.31439	0.411301	0.820007
22.9775	2.43813	2.48672	2.67899	2.17102	0.500336	0.883408	0.391235	0.565338
22.9875	2.43843	2.47856	2.6786	2.17026	0.505142	1.14998	0.395279	0.723648
22.9975	2.43286	2.45842	2.6767	2.1492	0.498199	1.43875	0.394058	0.89325
23.0075	2.43492	2.45804	2.68097	2.17438	0.510712	1.61499	0.409393	0.998917
23.0175	2.43668	2.46216	2.68188	2.17201	0.511703	1.31752	0.405579	0.817261
23.0275	2.4321	2.4649	2.67883	2.16782	0.502167	0.892334	0.391998	0.568466
23.0375	2.43111	2.47444	2.66891	2.14806	0.493622	1.1364	0.38475	0.718231
23.0475	2.43477	2.48817	2.68059	2.17644	0.507126	1.44325	0.405045	0.90683
23.0575	2.43752	2.4836	2.67967	2.1756	0.510559	1.60843	0.409546	1.00311
23.0675	2.43469	2.47513	2.67899	2.16835	0.514069	1.32454	0.402603	0.823441
23.0775	2.43294	2.45453	2.68051	2.17926	0.506973	0.895386	0.393143	0.576248
23.0875	2.43256	2.46002	2.6812	2.17209	0.503159	1.14319	0.394669	0.722885
23.0975	2.4321	2.46353	2.68013	2.17087	0.504074	1.43707	0.401306	0.901031
23.1075	2.43301	2.46796	2.67601	2.15935	0.505142	1.60423	0.404434	1.00578
23.1175	2.43362	2.49466	2.68311	2.17796	0.515366	1.33026	0.406113	0.834808
23.1275	2.43614	2.48413	2.67899	2.1756	0.504074	0.89859	0.394363	0.578079
23.1375	2.43256	2.48047	2.68074	2.17369	0.503922	1.14143	0.398102	0.728531
23.1475	2.43088	2.45399	2.6725	2.15157	0.498962	1.43097	0.396194	0.899734
23.1575	2.43279	2.45979	2.6828	2.17575	0.514908	1.61011	0.406189	1.00807
23.1675	2.43515	2.46498	2.68425	2.17491	0.511856	1.33362	0.405807	0.841064
23.1775	2.43225	2.46269	2.67792	2.16805	0.502701	0.896759	0.389862	0.58075
23.1875	2.42897	2.47116	2.6725	2.14348	0.495682	1.12877	0.388031	0.718918
23.1975	2.43126	2.48375	2.67601	2.17377	0.50827	1.43387	0.402527	0.90538
23.2074	2.42958	2.48055	2.67738	2.17216	0.510788	1.60789	0.403061	1.01082
23.2174	2.43256	2.47185	2.67738	2.16843	0.515442	1.32927	0.402603	0.839844
23.2274	2.42958	2.44766	2.67593	2.15271	0.498886	0.894699	0.382843	0.580368
23.2374	2.43355	2.45895	2.68181	2.17331	0.502777	1.12633	0.396423	0.730133
23.2474	2.43462	2.4614	2.6812	2.17171	0.507431	1.43135	0.399933	0.906296
23.2574	2.4305	2.47047	2.67967	2.16606	0.513229	1.61194	0.405731	1.01456
23.2674	2.43423	2.49123	2.67899	2.17667	0.510941	1.33636	0.407028	0.849915
23.2774	2.43027	2.48367	2.67845	2.17216	0.504532	0.897064	0.390167	0.584106
23.2874	2.42943	2.47757	2.67715	2.17346	0.50415	1.12625	0.392685	0.725784
23.2974	2.42432	2.46696	2.67693	2.16087	0.501328	1.42685	0.397644	0.909729
23.3074	2.43103	2.45956	2.68517	2.18109	0.514679	1.60744	0.407639	1.0218
23.3174	2.43134	2.45842	2.67899	2.16957	0.511169	1.36063	0.404282	0.866241
23.3274	2.4305	2.46162	2.67899	2.16721	0.500793	0.893021	0.387802	0.584106
23.3374	2.42828	2.46559	2.67311	2.14989	0.501251	1.1129	0.38826	0.723877
23.3474	2.42836	2.48672	2.67822	2.17445	0.50705	1.42807	0.401306	0.912247
23.3574	2.42935	2.48299	2.67944	2.17339	0.50827	1.60423	0.404587	1.02219
23.3674	2.42722	2.47643	2.67982	2.17194	0.515747	1.34148	0.403442	0.857925
23.3774	2.42821	2.44629	2.67632	2.15065	0.498276	0.892029	0.384598	0.584641
23.3874	2.42638	2.45735	2.68173	2.17094	0.501099	1.1116	0.392227	0.721817
23.3974	2.42805	2.46155	2.68188	2.17209	0.50354	1.42754	0.396118	0.913162
23.4074	2.42699	2.46529	2.67792	2.16766	0.510254	1.59012	0.403061	1.01898
23.4174	2.4231	2.48589	2.67601	2.16705	0.504303	1.34445	0.392075	0.859604
23.4274	2.43004	2.48428	2.67853	2.17628	0.507202	0.899048	0.389633	0.592041
23.4374	2.42401	2.48016	2.67891	2.17255	0.50415	1.10397	0.392075	0.722809
23.4474	2.42851	2.46689	2.67715	2.16217	0.499878	1.41243	0.393295	0.914612
23.4574	2.42882	2.45544	2.68089	2.17346	0.508194	1.60233	0.402222	1.02623
23.4674	2.42805	2.4617	2.68463	2.17438	0.511932	1.34552	0.39856	0.865784
23.4774	2.4276	2.45949	2.68074	2.17155	0.506744	0.895996	0.385284	0.589371
23.4874	2.42615	2.46902	2.67853	2.15706	0.501862	1.10825	0.387115	0.720291
23.4974	2.42508	2.48344	2.67548	2.173	0.503082	1.41014	0.397186	0.911865
23.5074	2.42561	2.48489	2.67921	2.17148	0.51239	1.58607	0.403214	1.01746
23.5174	2.42989	2.47772	2.68402	2.17407	0.5159	1.35834	0.400925	0.873566
23.5274	2.42157	2.45872	2.68013	2.15492	0.503387	0.897446	0.385056	0.594482
23.5374	2.42706	2.45583	2.6815	2.17514	0.506287	1.10611	0.392609	0.724869
23.5474	2.42439	2.4575	2.68005	2.17285	0.503922	1.41495	0.397491	0.919724
23.5574	2.42462	2.46452	2.68181	2.17041	0.51384	1.59927	0.404587	1.03569
23.5674	2.42287	2.46902	2.67235	2.14424	0.508118	1.36566	0.393829	0.885162
23.5774	2.42302	2.48367	2.67815	2.17377	0.508347	0.899963	0.386276	0.595703
23.5874	2.42645	2.48055	2.68074	2.17728	0.507507	1.09604	0.393524	0.722198
23.5974	2.42233	2.47482	2.68143	2.17041	0.505753	1.40961	0.396805	0.92308
23.6074	2.42447	2.45483	2.67799	2.17621	0.496521	1.58394	0.385971	1.01875
23.6174	2.42706	2.4585	2.68387	2.17537	0.51712	1.381	0.404358	0.898132
23.6274	2.42241	2.45842	2.68402	2.16972	0.504379	0.899353	0.385513	0.596542
23.6374	2.42508	2.46735	2.68059	2.16606	0.505676	1.08521	0.389252	0.71907
23.6474	2.42195	2.48566	2.677	2.17522	0.506058	1.41144	0.396271	0.920715
23.6574	2.42447	2.48405	2.67876	2.17369	0.509949	1.58539	0.400314	1.036
23.6674	2.42065	2.47894	2.67921	2.17224	0.513535	1.39816	0.399857	0.909958
23.6774	2.42218	2.46048	2.67799	2.15897	0.50293	0.88913	0.384598	0.593719
23.6874	2.42302	2.45598	2.68257	2.17239	0.500641	1.08406	0.388489	0.719376
23.6974	2.42538	2.45964	2.6825	2.17438	0.506516	1.40053	0.393677	0.916595
23.7074	2.42325	2.46338	2.68234	2.17331	0.51445	1.60309	0.402451	1.04362
23.7174	2.41776	2.46666	2.67517	2.1479	0.508194	1.3945	0.395355	0.9095
23.7274	2.42203	2.4836	2.67868	2.17705	0.509338	0.897064	0.387573	0.597992
23.7374	2.41791	2.48039	2.67952	2.17255	0.504532	1.07765	0.389175	0.715256
23.7474	2.42157	2.47086	2.67654	2.16866	0.502396	1.39702	0.390778	0.913696
23.7574	2.41814	2.44881	2.68005	2.14432	0.503616	1.56738	0.390625	1.02066
23.7674	2.4221	2.45575	2.68219	2.17293	0.511017	1.3736	0.402451	0.903091
23.7774	2.41959	2.45857	2.6815	2.173	0.504913	0.907669	0.382004	0.611496
23.7874	2.41745	2.46124	2.67754	2.16545	0.502014	1.06171	0.385742	0.709076
23.7974	2.41592	2.47757	2.67197	2.15622	0.490189	1.3884	0.376129	0.912628
23.8074	2.4205	2.48573	2.68051	2.17598	0.51239	1.60011	0.404053	1.04782
23.8174	2.41928	2.4778	2.67784	2.17674	0.516663	1.40465	0.405884	0.926743
23.8274	2.41661	2.46605	2.67792	2.16713	0.504303	0.898972	0.382156	0.603867
23.8374	2.41699	2.45354	2.68242	2.1804	0.505219	1.06331	0.388489	0.714493
23.8474	2.41638	2.45087	2.67715	2.17117	0.502777	1.39526	0.392151	0.92041
23.8573	2.41745	2.46193	2.68227	2.17415	0.510025	1.5757	0.402298	1.03645
23.8673	2.41798	2.46483	2.67662	2.15889	0.513306	1.41167	0.398026	0.928497
23.8773	2.41707	2.48459	2.67738	2.17537	0.507584	0.898514	0.384521	0.603714
23.8873	2.42035	2.47734	2.67715	2.17369	0.505981	1.0498	0.387573	0.702515
23.8973	2.41608	2.47665	2.67929	2.17102	0.501709	1.39465	0.391159	0.919952
23.9073	2.41638	2.45033	2.67563	2.15202	0.506744	1.56204	0.393372	1.03203
23.9173	2.41745	2.45087	2.6799	2.17285	0.516205	1.41266	0.399551	0.93277
23.9273	2.41837	2.45964	2.68372	2.17461	0.505753	0.900726	0.385513	0.607529
23.9373	2.41486	2.46109	2.68044	2.16949	0.50293	1.05949	0.386658	0.710144
23.9473	2.41196	2.46582	2.67174	2.14371	0.500259	1.38329	0.383606	0.918427
23.9573	2.4173	2.47993	2.67693	2.17499	0.510254	1.59004	0.400467	1.05049
23.9673	2.41539	2.48322	2.68311	2.17369	0.514221	1.37703	0.395737	0.913467
23.9773	2.41814	2.46536	2.67471	2.16476	0.503845	0.928192	0.383453	0.623627
23.9873	2.41127	2.44179	2.67601	2.1508	0.493393	1.04965	0.376282	0.709305
23.9973	2.41577	2.45522	2.67967	2.17224	0.504684	1.38138	0.392761	0.920181
24.0073	2.41577	2.45705	2.68013	2.17308	0.512009	1.59348	0.401764	1.05782
24.0173	2.4118	2.46674	2.68074	2.16393	0.511169	1.41022	0.395737	0.935059
24.0273	2.41714	2.48512	2.67731	2.17659	0.507126	0.920944	0.384598	0.622253
24.0373	2.41333	2.47963	2.67715	2.17278	0.504456	1.04523	0.384598	0.709839
24.0473	2.41394	2.47498	2.67799	2.17392	0.505142	1.37794	0.390472	0.91774
24.0573	2.41035	2.46407	2.67761	2.16331	0.507965	1.58768	0.396805	1.05545
24.0673	2.41196	2.45232	2.68616	2.17758	0.515137	1.41464	0.399551	0.942688
24.0773	2.41341	2.45293	2.67647	2.16782	0.505066	0.919495	0.381546	0.620956
24.0873	2.41219	2.45934	2.6796	2.17049	0.5056	1.0556	0.387039	0.712814
24.0973	2.41211	2.45956	2.67349	2.15332	0.504456	1.3736	0.387421	0.915222
24.1073	2.41455	2.48894	2.68288	2.17751	0.514069	1.57455	0.400391	1.04843
24.1173	2.41882	2.47948	2.67815	2.17331	0.512924	1.39198	0.396729	0.927048
24.1273	2.41318	2.47398	2.68089	2.17484	0.509567	0.945053	0.387115	0.639801
24.1373	2.41409	2.44835	2.67738	2.14905	0.500641	1.04927	0.380249	0.708237
24.1473	2.4115	2.45094	2.68272	2.174	0.505447	1.36337	0.3936	0.919113
24.1573	2.41341	2.45857	2.68387	2.17659	0.512695	1.57509	0.398712	1.0524
24.1673	2.41264	2.45941	2.68051	2.16896	0.513077	1.39015	0.398636	0.932846
24.1773	2.40837	2.46376	2.67204	2.14752	0.501633	0.879898	0.374222	0.597076
24.1873	2.4115	2.47879	2.67685	2.17438	0.506134	1.02798	0.381851	0.70282
24.1973	2.40952	2.47795	2.67815	2.17468	0.504608	1.37375	0.388336	0.923615
24.2073	2.41135	2.46674	2.67876	2.16866	0.511475	1.58417	0.397491	1.06468
24.2173	2.4054	2.44064	2.67593	2.16003	0.50499	1.40915	0.38559	0.943451
24.2273	2.41066	2.45193	2.68013	2.1743	0.507736	0.935593	0.384445	0.634918
24.2373	2.40944	2.45529	2.6783	2.16995	0.505295	1.02608	0.38559	0.702972
24.2473	2.40707	2.46208	2.67761	2.16202	0.50499	1.35986	0.390167	0.918732
24.2573	2.40868	2.48718	2.67525	2.17766	0.510941	1.56609	0.394592	1.04752
24.2673	2.41112	2.47826	2.67685	2.1727	0.513077	1.41861	0.397797	0.953445
24.2773	2.41318	2.47345	2.67944	2.17606	0.512543	0.953674	0.385361	0.647049
24.2873	2.40807	2.46346	2.68028	2.16515	0.505981	1.03989	0.38208	0.704041
24.2973	2.4118	2.45285	2.68486	2.17941	0.508957	1.36116	0.394135	0.924683
24.3073	2.41226	2.45705	2.6825	2.1727	0.509644	1.56746	0.39505	1.05362
24.3173	2.40868	2.45979	2.68234	2.17316	0.517731	1.42654	0.398254	0.961533
24.3273	2.40875	2.46361	2.6767	2.15546	0.504379	0.95459	0.378876	0.646667
24.3373	2.40723	2.48367	2.67929	2.17537	0.505829	1.02043	0.38414	0.695877
24.3473	2.40822	2.47353	2.6754	2.17117	0.505219	1.35979	0.387344	0.921173
24.3573	2.4086	2.47406	2.68059	2.17316	0.510788	1.5728	0.399017	1.06163
24.3673	2.40891	2.44179	2.67548	2.14851	0.51178	1.39999	0.390015	0.941772
24.3773	2.40845	2.44804	2.67853	2.17133	0.508957	0.976486	0.380478	0.6604
24.3873	2.40868	2.45712	2.68219	2.17239	0.50415	1.00883	0.381012	0.689926
24.3973	2.40829	2.46109	2.68158	2.17064	0.507507	1.36375	0.39238	0.923386
24.4073	2.40257	2.46979	2.67212	2.15172	0.500946	1.56586	0.385666	1.05568
24.4173	2.4099	2.47948	2.67685	2.17415	0.516586	1.43532	0.397644	0.968781
24.4273	2.40326	2.4752	2.67914	2.17407	0.511703	0.957184	0.382996	0.650635
24.4373	2.40829	2.4662	2.68021	2.16995	0.509796	1.01295	0.38208	0.698471
24.4473	2.40295	2.44545	2.67998	2.1685	0.492859	1.34041	0.376053	0.907898
24.4573	2.40799	2.45422	2.68265	2.17567	0.51506	1.58119	0.396576	1.07483
24.4673	2.40585	2.45766	2.68326	2.17392	0.518494	1.43333	0.396347	0.973282
24.4773	2.40494	2.46208	2.67883	2.16187	0.50766	0.971375	0.380707	0.662231
24.4873	2.40555	2.48146	2.67708	2.17583	0.508652	1.01006	0.382538	0.693588
24.4973	2.40578	2.4781	2.67754	2.17041	0.504608	1.34392	0.385818	0.913925
24.5072	2.40669	2.47238	2.67899	2.17506	0.50972	1.57982	0.397415	1.07071
24.5172	2.40242	2.46155	2.67914	2.16393	0.514679	1.43341	0.395203	0.97374
24.5272	2.40578	2.44919	2.67937	2.17621	0.507278	0.977325	0.383224	0.668945
24.5372	2.4041	2.45369	2.68127	2.1711	0.505447	1.00311	0.382156	0.693741
24.5472	2.40318	2.4572	2.67998	2.1701	0.506592	1.34323	0.388947	0.914459
24.5572	2.40395	2.46185	2.67563	2.15286	0.506821	1.55746	0.389481	1.05789
24.5672	2.40257	2.48093	2.67967	2.17575	0.516815	1.43753	0.394516	0.977936
24.5772	2.40631	2.47726	2.67853	2.17552	0.511017	1.00075	0.381927	0.680771
24.5872	2.40295	2.47063	2.67944	2.17247	0.504608	1.00235	0.381622	0.694885
24.5972	2.4025	2.44347	2.67723	2.15027	0.50293	1.32767	0.38269	0.906296
24.6072	2.40334	2.45064	2.68082	2.1727	0.508499	1.58264	0.393372	1.0759
24.6172	2.4028	2.45346	2.68074	2.17278	0.51651	1.44005	0.394592	0.977859
24.6272	2.40456	2.45979	2.68143	2.16965	0.511703	0.999756	0.382538	0.680542
24.6372	2.39838	2.46834	2.67021	2.14485	0.495377	0.994263	0.371323	0.686264
24.6472	2.40265	2.47833	2.67769	2.17613	0.505753	1.32942	0.390472	0.910492
24.6572	2.40051	2.4762	2.67891	2.17476	0.512085	1.57753	0.394135	1.07864
24.6672	2.40463	2.46735	2.68005	2.17155	0.515976	1.44699	0.396729	0.984802
24.6772	2.39777	2.4366	2.67456	2.15073	0.499268	1.00243	0.369263	0.682297
24.6872	2.40372	2.45354	2.68372	2.17926	0.507965	1.00212	0.383453	0.693512
24.6972	2.40196	2.45331	2.68051	2.17476	0.509262	1.32011	0.388794	0.909271
24.7072	2.40028	2.46002	2.67899	2.16362	0.508041	1.56914	0.392151	1.06979
24.7172	2.40082	2.48047	2.67632	2.1772	0.516815	1.45035	0.397873	0.988007
24.7272	2.39944	2.47864	2.67822	2.17155	0.508804	1.01669	0.382309	0.697327
24.7372	2.40318	2.47375	2.68044	2.173	0.504837	0.988083	0.379333	0.689011
24.7472	2.40128	2.46384	2.67967	2.16881	0.508347	1.3163	0.386887	0.907669
24.7572	2.3999	2.44934	2.6812	2.17781	0.511856	1.57082	0.393906	1.07147
24.7672	2.40234	2.45361	2.68387	2.17613	0.518417	1.42502	0.397186	0.976181
24.7772	2.40028	2.45636	2.68036	2.17384	0.513306	1.06201	0.388107	0.729523
24.7872	2.40135	2.46124	2.67868	2.16042	0.504684	0.986404	0.378571	0.691147
24.7972	2.39983	2.48199	2.67822	2.17583	0.505981	1.31165	0.388412	0.902786
24.8072	2.40059	2.47528	2.67624	2.17407	0.511322	1.56639	0.39299	1.07841
24.8172	2.39571	2.472	2.68272	2.17293	0.512848	1.42372	0.394821	0.97435
24.8272	2.3999	2.44949	2.67822	2.15744	0.510712	1.06827	0.381546	0.730667
24.8372	2.40036	2.4543	2.68478	2.18002	0.51239	0.987778	0.380249	0.686569
24.8532	2.40036	2.47726	2.6754	2.17522	0.50499	0.950623	0.379562	0.665054
24.8642	2.39784	2.47566	2.6741	2.17201	0.50293	1.43265	0.388794	0.986099
24.8672	2.39456	2.46147	2.67517	2.14867	0.509872	1.43471	0.387497	0.982132
24.8772	2.4012	2.47871	2.67624	2.17293	0.509644	1.07399	0.385895	0.737762
24.8872	2.39655	2.48062	2.67982	2.17705	0.508499	0.983505	0.380478	0.686569
24.8972	2.39594	2.46468	2.67654	2.17056	0.503616	1.30203	0.386429	0.896225
24.9072	2.39296	2.44713	2.67715	2.14989	0.506744	1.5696	0.390778	1.08192
24.9172	2.39662	2.45193	2.68356	2.17842	0.518723	1.42838	0.398331	0.98114
24.9272	2.39693	2.45193	2.68135	2.17224	0.512085	1.09612	0.383224	0.75058
24.9372	2.3954	2.4601	2.68036	2.16705	0.502625	0.977325	0.378265	0.681915
24.9472	2.39479	2.46384	2.67021	2.14821	0.498123	1.2854	0.37735	0.890427
24.9572	2.39624	2.48062	2.67761	2.17285	0.509033	1.57242	0.394363	1.08162
24.9672	2.39609	2.47276	2.67914	2.17491	0.514908	1.42944	0.393372	0.978088
24.9772	2.39349	2.46635	2.67883	2.16988	0.513611	1.10573	0.386047	0.763245
24.9872	2.3922	2.44621	2.68135	2.17545	0.495987	0.963516	0.366364	0.673294
24.9972	2.39555	2.45201	2.68196	2.17377	0.507126	1.287	0.386124	0.88913
25.0072	2.39723	2.4572	2.68265	2.17361	0.511093	1.57005	0.391464	1.08017
