15.0577	2.37251	2.51297	2.67197	2.13783	0.484619	1.62689	0.467148	0.477829
16.0675	2.37587	2.51366	2.67624	2.15572	0.485764	1.38599	0.473671	0.438271
16.0775	2.37885	2.51755	2.67527	2.15164	0.481364	1.23189	0.472946	0.411631
16.0875	2.3789	2.52308	2.67584	2.1566	0.481644	1.25652	0.473003	0.416546
16.0975	2.37865	2.52119	2.67671	2.16023	0.483032	1.32198	0.472748	0.428711
16.1075	2.37863	2.52244	2.67504	2.1567	0.483259	1.37441	0.471675	0.438334
16.1175	2.37897	2.52475	2.67521	2.15851	0.483573	1.34429	0.472761	0.433273
16.1275	2.37883	2.52369	2.67646	2.16024	0.482101	1.29213	0.473204	0.424223
16.1375	2.37887	2.52364	2.6751	2.15762	0.48083	1.29568	0.472141	0.424135
16.1475	2.37933	2.52525	2.67538	2.15902	0.481552	1.32392	0.471893	0.429146
16.1575	2.37971	2.52554	2.67638	2.16246	0.482605	1.3258	0.472595	0.430367
16.1675	2.37969	2.52625	2.67535	2.15913	0.48175	1.32676	0.471588	0.430115
16.1775	2.37945	2.52769	2.67571	2.16187	0.48233	1.32688	0.471931	0.430145
16.1875	2.37919	2.52496	2.6758	2.16191	0.482086	1.32671	0.471756	0.430206
16.1975	2.37941	2.52545	2.67532	2.16077	0.481857	1.32586	0.471458	0.429871
16.2075	2.37955	2.52687	2.67636	2.16383	0.483017	1.32758	0.472519	0.430252
16.2175	2.37917	2.52454	2.67728	2.16503	0.483376	1.32732	0.472801	0.430496
16.2275	2.37936	2.52493	2.6769	2.16489	0.48423	1.32757	0.472969	0.430656
16.2375	2.37964	2.52732	2.67826	2.16849	0.485489	1.32773	0.474373	0.431717
16.2475	2.3788	2.52524	2.6777	2.16701	0.485138	1.32751	0.47419	0.431595
16.2575	2.37899	2.52541	2.67754	2.1669	0.485191	1.32821	0.474365	0.431778
16.2675	2.37847	2.52798	2.67789	2.16959	0.484398	1.32793	0.473907	0.431351
16.2775	2.37779	2.52785	2.67795	2.16962	0.48423	1.32796	0.473862	0.431549
16.2875	2.37783	2.52782	2.67785	2.16927	0.484253	1.3277	0.473915	0.431313
16.2975	2.37786	2.5281	2.67819	2.16956	0.484467	1.32839	0.473907	0.431335
16.3075	2.3773	2.52799	2.67799	2.16975	0.484436	1.32759	0.473778	0.431549
16.3175	2.37712	2.52866	2.67697	2.16736	0.48381	1.32797	0.473396	0.431458
16.3275	2.37674	2.52818	2.67705	2.16736	0.483261	1.32754	0.472961	0.43074
16.3375	2.37577	2.52608	2.67577	2.16392	0.482002	1.3264	0.471199	0.429832
16.3475	2.37608	2.52799	2.6761	2.16512	0.482155	1.32648	0.471451	0.430077
16.3575	2.37622	2.52776	2.67635	2.16578	0.482285	1.3265	0.471901	0.430405
16.3675	2.37665	2.525	2.67698	2.16618	0.48394	1.32821	0.473305	0.431641
16.3775	2.37706	2.52584	2.67706	2.16633	0.484268	1.32853	0.473564	0.431946
16.3875	2.37711	2.5282	2.67699	2.16602	0.483833	1.32768	0.473259	0.431892
16.3975	2.37656	2.52708	2.67687	2.16602	0.483246	1.32706	0.473061	0.432068
16.4075	2.37696	2.5251	2.67713	2.16529	0.482826	1.3272	0.473175	0.432068
16.4175	2.37678	2.5274	2.67754	2.16653	0.483368	1.33455	0.473557	0.432991
16.4275	2.37694	2.52911	2.6771	2.16574	0.483337	1.33393	0.473885	0.433495
16.4375	2.3774	2.52779	2.67839	2.16885	0.484276	1.33404	0.475082	0.433899
16.4475	2.37696	2.52601	2.67837	2.16798	0.484077	1.33376	0.474831	0.433662
16.4575	2.37681	2.52879	2.6776	2.16694	0.48349	1.33276	0.474007	0.432861
16.4675	2.37644	2.52983	2.67703	2.16582	0.483742	1.33986	0.473701	0.433716
16.4775	2.37601	2.52641	2.6769	2.16517	0.483223	1.33875	0.473373	0.432838
16.4875	2.37602	2.52489	2.6766	2.16439	0.483467	1.33666	0.473564	0.432434
16.4975	2.37607	2.52795	2.67627	2.16473	0.483818	1.3371	0.474022	0.432442
16.5075	2.37599	2.52902	2.67602	2.16438	0.48365	1.33624	0.473747	0.431725
16.5175	2.37643	2.52587	2.67603	2.16473	0.483833	1.33701	0.473625	0.432373
16.5275	2.37611	2.52455	2.67605	2.16499	0.484001	1.33722	0.473442	0.432167
16.5375	2.37623	2.52763	2.67567	2.16476	0.483833	1.33525	0.473457	0.431839
16.5475	2.37657	2.52889	2.67563	2.16557	0.484138	1.3367	0.473869	0.432373
16.5575	2.37637	2.52562	2.67599	2.16589	0.48436	1.33578	0.474236	0.432396
16.5675	2.37701	2.52437	2.67619	2.16649	0.484245	1.33093	0.474297	0.431602
16.5775	2.37734	2.52789	2.67612	2.16736	0.484589	1.3309	0.474792	0.432465
16.5875	2.37733	2.52991	2.67638	2.16846	0.484749	1.32973	0.475067	0.432495
16.5975	2.37727	2.5257	2.67642	2.1665	0.483902	1.32903	0.473763	0.431953
16.6075	2.37718	2.52416	2.67699	2.16747	0.48452	1.32957	0.474258	0.432526
16.6175	2.37737	2.52551	2.67658	2.16509	0.483955	1.32357	0.474007	0.431213
16.6275	2.37749	2.52757	2.67622	2.16525	0.483452	1.32259	0.473862	0.431183
16.6375	2.37728	2.52586	2.67618	2.16461	0.483482	1.32398	0.47348	0.431168
16.6475	2.37772	2.52407	2.67687	2.16514	0.483597	1.3232	0.473877	0.431473
16.6575	2.37779	2.52473	2.67663	2.16467	0.483826	1.32232	0.473801	0.43132
16.6674	2.3775	2.52767	2.67658	2.16516	0.483368	1.32294	0.474167	0.431786
16.6774	2.37772	2.52691	2.67696	2.1649	0.483246	1.32287	0.474236	0.431519
16.6874	2.3774	2.52383	2.67641	2.16204	0.482712	1.32163	0.473236	0.430618
16.6974	2.3782	2.52556	2.67709	2.1643	0.483887	1.32314	0.474754	0.431473
16.7074	2.37846	2.52619	2.67686	2.16348	0.483948	1.32098	0.474236	0.430862
16.7174	2.37859	2.52826	2.67728	2.16569	0.484444	1.32394	0.47435	0.431435
16.7274	2.37922	2.52768	2.67754	2.16576	0.484665	1.32379	0.47464	0.431412
16.7374	2.37947	2.52618	2.6782	2.16682	0.484863	1.3206	0.475136	0.430847
16.7474	2.37984	2.52617	2.67769	2.16603	0.484573	1.32078	0.474625	0.430161
16.7574	2.38001	2.52653	2.67722	2.16406	0.483734	1.31913	0.474144	0.42968
16.7674	2.38019	2.52602	2.67703	2.16344	0.484123	1.32576	0.47374	0.430603
16.7774	2.38025	2.52534	2.67683	2.16299	0.484047	1.32587	0.473717	0.430618
16.7874	2.38078	2.52587	2.67788	2.1662	0.484512	1.32626	0.474724	0.431419
16.7974	2.381	2.52608	2.67776	2.1658	0.484131	1.32607	0.47467	0.430855
16.8074	2.38119	2.5259	2.67702	2.16396	0.483261	1.32478	0.474312	0.430801
16.8174	2.38102	2.52534	2.67657	2.16353	0.483124	1.32764	0.474464	0.431274
16.8274	2.38101	2.52519	2.67674	2.16324	0.482971	1.32759	0.474075	0.431229
16.8374	2.3811	2.52528	2.67667	2.16319	0.483154	1.3291	0.474464	0.431992
16.8474	2.38102	2.52543	2.67692	2.16347	0.483299	1.32845	0.474556	0.432175
16.8574	2.3813	2.5253	2.67679	2.16366	0.483467	1.33141	0.474388	0.432671
16.8674	2.38161	2.52547	2.67694	2.16399	0.483574	1.33123	0.474854	0.433144
16.8774	2.38217	2.52564	2.6767	2.16374	0.482956	1.33057	0.474045	0.432693
16.8874	2.3817	2.52451	2.67587	2.16193	0.481537	1.33102	0.47216	0.431847
16.8974	2.38194	2.52421	2.67568	2.1619	0.48172	1.32938	0.472008	0.431923
16.9074	2.38225	2.52451	2.67584	2.16347	0.482063	1.33209	0.472458	0.432617
16.9174	2.38242	2.52507	2.67603	2.16365	0.482185	1.32829	0.472427	0.432152
16.9274	2.38271	2.52567	2.6759	2.16415	0.482452	1.32838	0.472618	0.432037
16.9374	2.383	2.5262	2.67561	2.16208	0.482086	1.32824	0.471809	0.432022
16.9474	2.3834	2.52606	2.6758	2.16236	0.482002	1.32725	0.471893	0.43206
16.9574	2.38341	2.52584	2.67649	2.16411	0.48243	1.32726	0.472633	0.432526
16.9674	2.38258	2.52596	2.67622	2.16384	0.480911	1.32117	0.470879	0.430496
16.9774	2.3823	2.52653	2.67641	2.16412	0.481293	1.32059	0.470863	0.43013
16.9874	2.38322	2.52926	2.67658	2.16498	0.482742	1.32192	0.472397	0.431061
16.9974	2.3829	2.52872	2.67671	2.16535	0.482811	1.32122	0.472351	0.431305
17.0074	2.38258	2.52789	2.67726	2.1659	0.482948	1.32188	0.472313	0.431358
17.0174	2.38235	2.52574	2.67743	2.16454	0.482323	1.32217	0.471748	0.430954
17.0274	2.38246	2.52612	2.67731	2.16456	0.482559	1.3224	0.471626	0.430916
17.0374	2.38261	2.52819	2.67728	2.16624	0.482735	1.32224	0.471649	0.430618
17.0474	2.382	2.52798	2.67654	2.16364	0.482231	1.32168	0.470886	0.430191
17.0574	2.38213	2.52756	2.6767	2.16383	0.48214	1.32242	0.470749	0.43045
17.0674	2.38335	2.52509	2.67735	2.16426	0.483673	1.32447	0.472198	0.431625
17.0774	2.38349	2.52341	2.67682	2.16146	0.483124	1.32458	0.472015	0.431862
17.0874	2.3838	2.52447	2.67697	2.16206	0.483253	1.32442	0.472466	0.432083
17.0974	2.38405	2.52691	2.67702	2.16161	0.483192	1.32483	0.472534	0.432167
17.1074	2.38391	2.52544	2.67653	2.15927	0.482506	1.32468	0.471634	0.431381
17.1174	2.38457	2.52415	2.67628	2.16027	0.482948	1.32543	0.471481	0.431824
17.1274	2.38466	2.52185	2.67661	2.15989	0.482849	1.32513	0.471603	0.43203
17.1374	2.38436	2.52196	2.67586	2.15862	0.481621	1.32404	0.470276	0.431404
17.1474	2.38477	2.52438	2.67597	2.16097	0.48214	1.3243	0.470932	0.43174
17.1574	2.38461	2.5265	2.67578	2.16072	0.482269	1.32448	0.470901	0.431656
17.1674	2.38443	2.52579	2.67593	2.16145	0.482269	1.32387	0.47123	0.431671
17.1774	2.38449	2.52461	2.6765	2.16411	0.48307	1.32404	0.472107	0.432091
17.1874	2.38425	2.52228	2.67631	2.16336	0.48262	1.3236	0.471657	0.43187
17.1974	2.38425	2.52348	2.67619	2.16376	0.48101	1.32216	0.469887	0.43087
17.2074	2.38493	2.52764	2.67678	2.16646	0.481674	1.32306	0.470924	0.432266
17.2174	2.38538	2.52935	2.67687	2.1665	0.481445	1.32381	0.471252	0.432678
17.2274	2.38498	2.52767	2.67653	2.16579	0.480202	1.32296	0.470016	0.432022
17.2374	2.38567	2.52512	2.67747	2.16705	0.481369	1.32386	0.471626	0.433052
17.2474	2.38596	2.52345	2.67792	2.16682	0.481468	1.32413	0.47168	0.433311
17.2574	2.38572	2.52438	2.6776	2.16635	0.47998	1.3231	0.469589	0.432152
17.2674	2.38611	2.52695	2.67712	2.16546	0.479836	1.32451	0.469162	0.432396
17.2774	2.38627	2.5291	2.67709	2.16545	0.479507	1.32487	0.468704	0.432175
17.2874	2.3862	2.52702	2.67684	2.16476	0.478798	1.32381	0.4674	0.431465
17.2974	2.38648	2.52392	2.67702	2.16456	0.480667	1.32509	0.469139	0.432709
17.3074	2.3867	2.52182	2.67728	2.16455	0.48101	1.32568	0.469101	0.432671
17.3174	2.38634	2.52106	2.67627	2.16179	0.48056	1.32486	0.468353	0.431885
17.3273	2.38708	2.52513	2.67661	2.16287	0.482124	1.32567	0.469757	0.43264
17.3373	2.38734	2.52708	2.67619	2.16283	0.482201	1.32505	0.469795	0.432594
17.3473	2.38747	2.52625	2.67579	2.16058	0.481476	1.32398	0.46888	0.432045
17.3573	2.38875	2.52349	2.67655	2.16161	0.483124	1.32588	0.47113	0.433731
17.3673	2.38889	2.52156	2.67682	2.16151	0.4832	1.32596	0.471283	0.433754
17.3773	2.38873	2.52045	2.67645	2.15936	0.48307	1.32491	0.470932	0.43364
17.3873	2.38952	2.52453	2.67658	2.16069	0.484207	1.3252	0.472298	0.434547
17.3973	2.38979	2.52682	2.67622	2.16064	0.484016	1.32438	0.471878	0.43412
17.4073	2.39002	2.52653	2.67559	2.15936	0.48391	1.32449	0.471519	0.434311
17.4173	2.39037	2.52536	2.67673	2.16245	0.484543	1.32583	0.472534	0.435081
17.4273	2.39088	2.52293	2.67704	2.16249	0.484528	1.32571	0.472389	0.435036
17.4373	2.39119	2.52187	2.67764	2.16218	0.484703	1.32567	0.472198	0.435097
17.4473	2.39174	2.5255	2.67802	2.16499	0.485847	1.32606	0.472946	0.435867
17.4573	2.39228	2.5276	2.6773	2.16459	0.485588	1.32568	0.472664	0.436249
17.4673	2.39233	2.52876	2.67711	2.16432	0.485313	1.3256	0.472214	0.436211
17.4773	2.39327	2.52772	2.67791	2.16743	0.485703	1.3258	0.472519	0.436325
17.4873	2.39349	2.52525	2.67843	2.16727	0.485687	1.32558	0.47229	0.435913
17.4973	2.39354	2.5233	2.67857	2.16714	0.485428	1.32521	0.472099	0.435982
17.5073	2.39336	2.52385	2.67802	2.16564	0.484695	1.32496	0.471611	0.435623
17.5173	2.39378	2.52712	2.67808	2.16569	0.484726	1.32568	0.471588	0.436249
17.5273	2.39373	2.52832	2.6773	2.1654	0.484314	1.32503	0.471481	0.436295
17.5373	2.39341	2.52765	2.67667	2.16397	0.483597	1.32403	0.471169	0.436012
17.5473	2.39328	2.52399	2.67679	2.1636	0.48304	1.32339	0.471092	0.435867
17.5573	2.39303	2.52194	2.67722	2.16366	0.483101	1.32337	0.470863	0.43544
17.5673	2.39315	2.52116	2.67747	2.16252	0.48288	1.3233	0.47084	0.435539
17.5773	2.39317	2.52392	2.67666	2.1619	0.482948	1.32352	0.470985	0.435684
17.5873	2.39342	2.5266	2.67664	2.16219	0.482849	1.32296	0.471306	0.436432
17.5973	2.39378	2.52735	2.67638	2.16182	0.482788	1.32301	0.471657	0.437035
17.6073	2.39423	2.52589	2.67739	2.16502	0.483681	1.3237	0.469635	0.436455
17.6173	2.39457	2.52278	2.6772	2.1647	0.483589	1.32412	0.469223	0.436409
17.6273	2.39475	2.52142	2.67748	2.1644	0.483665	1.32429	0.468994	0.43663
17.6373	2.3952	2.52244	2.67705	2.16327	0.483246	1.32409	0.468376	0.436226
17.6473	2.39567	2.52518	2.67664	2.16344	0.483612	1.32455	0.468361	0.436546
17.6573	2.39577	2.52723	2.6765	2.16337	0.483437	1.32526	0.468674	0.437073
17.6673	2.39622	2.52621	2.67608	2.16308	0.483398	1.32601	0.468407	0.437004
17.6773	2.39629	2.5235	2.67683	2.16312	0.48333	1.3259	0.468513	0.437378
17.6873	2.39647	2.52094	2.67673	2.16281	0.483307	1.32611	0.468697	0.437263
17.6973	2.39661	2.52036	2.67696	2.16263	0.4832	1.32595	0.46904	0.437363
17.7073	2.39714	2.524	2.67674	2.16254	0.48288	1.32631	0.471596	0.439095
17.7173	2.39761	2.5263	2.67631	2.16245	0.482948	1.32626	0.471436	0.438927
17.7273	2.39796	2.52782	2.67626	2.16249	0.482697	1.32602	0.471375	0.438622
17.7373	2.39838	2.52485	2.67622	2.1629	0.482147	1.32539	0.471214	0.438515
17.7473	2.39848	2.52188	2.67652	2.16267	0.481949	1.32472	0.471024	0.438683
17.7573	2.39911	2.52014	2.67698	2.16293	0.482231	1.32497	0.471031	0.439552
17.7673	2.39969	2.52105	2.67696	2.16299	0.482368	1.32578	0.47126	0.440491
17.7773	2.40012	2.52406	2.67644	2.16274	0.482498	1.32552	0.470665	0.440453
17.7873	2.40075	2.52625	2.67643	2.16317	0.482742	1.32539	0.470688	0.440712
17.7973	2.40098	2.52697	2.67633	2.1633	0.482933	1.32498	0.470329	0.440781
17.8073	2.40121	2.52327	2.67651	2.16372	0.483246	1.32516	0.470573	0.441208
17.8173	2.40128	2.52089	2.67699	2.16357	0.48307	1.32629	0.470963	0.441788
17.8273	2.40157	2.51941	2.67698	2.16338	0.483002	1.32671	0.471123	0.442154
17.8373	2.40201	2.52174	2.67683	2.16286	0.483589	1.32673	0.471436	0.44278
17.8473	2.40257	2.525	2.67683	2.16309	0.48365	1.32676	0.471848	0.443352
17.8573	2.40296	2.52656	2.67626	2.16305	0.483566	1.32703	0.471924	0.443596
17.8673	2.40304	2.52695	2.67653	2.1641	0.484016	1.32779	0.472046	0.443947
17.8773	2.40355	2.52378	2.67696	2.16445	0.483841	1.32822	0.472519	0.444092
17.8873	2.40369	2.52125	2.67692	2.16398	0.483536	1.32726	0.472221	0.444237
17.8973	2.40469	2.52066	2.67731	2.16409	0.483757	1.32731	0.472649	0.444756
17.9073	2.40513	2.52302	2.6763	2.16171	0.482201	1.32648	0.471291	0.444313
17.9173	2.40576	2.52551	2.676	2.16194	0.482384	1.32706	0.471191	0.444649
17.9273	2.40639	2.52676	2.676	2.16253	0.482773	1.3272	0.471306	0.445015
17.9373	2.40674	2.52631	2.67669	2.16393	0.483063	1.32622	0.47142	0.445435
17.9473	2.40762	2.52329	2.6769	2.164	0.482803	1.32596	0.470947	0.445183
17.9573	2.40823	2.52131	2.67731	2.16403	0.482941	1.32596	0.470879	0.445465
17.9673	2.40858	2.52074	2.67746	2.16398	0.482849	1.32645	0.47084	0.445915
17.9772	2.40925	2.52385	2.67694	2.16375	0.48278	1.32591	0.470863	0.446075
17.9872	2.40967	2.52657	2.67683	2.16385	0.48288	1.32533	0.470528	0.446205
17.9972	2.41006	2.52719	2.67625	2.16409	0.48246	1.32527	0.469803	0.446556
18.0072	2.41017	2.52471	2.67663	2.16321	0.482971	1.32494	0.470398	0.446983
18.0172	2.41067	2.5219	2.67697	2.16335	0.483055	1.32556	0.470222	0.447464
18.0272	2.41079	2.52005	2.67727	2.16289	0.48307	1.32523	0.470108	0.447548
18.0372	2.41122	2.52061	2.67754	2.16354	0.483604	1.32581	0.470482	0.448051
18.0472	2.41123	2.52334	2.67699	2.1635	0.483826	1.32568	0.470528	0.448601
18.0572	2.41142	2.52576	2.67687	2.16354	0.483841	1.32648	0.470345	0.449043
18.0672	2.41229	2.52705	2.67624	2.16423	0.483406	1.30708	0.470291	0.445282
18.0772	2.41227	2.52473	2.67617	2.16312	0.483414	1.31403	0.469734	0.446526
18.0872	2.4129	2.52209	2.67674	2.16374	0.483948	1.31403	0.469971	0.44696
18.0972	2.41317	2.52068	2.67722	2.16389	0.484398	1.31444	0.470428	0.447304
18.1072	2.41404	2.52174	2.6773	2.16484	0.484787	1.31466	0.470451	0.447914
18.1172	2.41436	2.52523	2.67746	2.16531	0.485161	1.3165	0.470596	0.448784
18.1272	2.41481	2.52725	2.67686	2.16528	0.484795	1.31599	0.470253	0.448746
18.1372	2.41541	2.52805	2.67687	2.16653	0.485237	1.31564	0.470261	0.448853
18.1472	2.41513	2.52393	2.67658	2.16349	0.484421	1.31498	0.469154	0.448692
18.1572	2.41529	2.52084	2.6769	2.1635	0.483856	1.31374	0.468483	0.448654
18.1672	2.41557	2.5188	2.67735	2.16341	0.484245	1.33495	0.46859	0.453232
18.1772	2.41595	2.5187	2.67721	2.16267	0.48381	1.32726	0.468224	0.451828
18.1872	2.41613	2.52118	2.67641	2.16227	0.483414	1.32691	0.468185	0.451859
18.1972	2.41616	2.52317	2.67599	2.16211	0.483124	1.32697	0.467728	0.452309
18.2072	2.41691	2.52427	2.67645	2.16331	0.483307	1.32755	0.468071	0.453209
18.2172	2.41685	2.51985	2.67599	2.16034	0.482727	1.32712	0.46743	0.453178
18.2272	2.41722	2.5173	2.67625	2.16058	0.482864	1.32711	0.467514	0.453186
18.2372	2.41759	2.51587	2.67646	2.16048	0.482437	1.3267	0.4674	0.453545
18.2472	2.41827	2.51801	2.67684	2.16212	0.483032	1.32717	0.468422	0.454521
18.2572	2.4189	2.52116	2.67644	2.16241	0.483803	1.32801	0.468651	0.455254
18.2672	2.41904	2.52352	2.67654	2.16259	0.483917	1.32823	0.468651	0.455673
18.2772	2.41952	2.52427	2.6771	2.1641	0.484352	1.32863	0.469048	0.456253
18.2872	2.41978	2.52088	2.67723	2.16151	0.483749	1.3274	0.468529	0.456467
18.2972	2.42072	2.51829	2.67739	2.16142	0.483688	1.32613	0.468262	0.456329
18.3072	2.42088	2.51662	2.67739	2.16164	0.483719	1.32569	0.468109	0.456917
18.3172	2.42152	2.51874	2.67776	2.16306	0.4841	1.32693	0.468277	0.457527
18.3272	2.42233	2.5221	2.67769	2.16329	0.483994	1.32693	0.468407	0.458008
18.3372	2.42288	2.52422	2.67754	2.16333	0.484039	1.32639	0.468361	0.45816
18.3472	2.42357	2.52486	2.67747	2.16426	0.483902	1.32603	0.468117	0.45871
18.3572	2.42348	2.52095	2.67699	2.16136	0.482841	1.32571	0.467628	0.459038
18.3672	2.42444	2.51839	2.6774	2.16166	0.483131	1.32677	0.467522	0.459717
18.3772	2.4248	2.51661	2.67713	2.16161	0.483246	1.32703	0.467422	0.459732
18.3872	2.42482	2.51788	2.6772	2.16301	0.483513	1.32697	0.467392	0.460083
18.3972	2.42472	2.5211	2.67715	2.1636	0.484108	1.32723	0.468262	0.461639
18.4072	2.42455	2.52327	2.67709	2.16366	0.484253	1.32772	0.468124	0.462189
18.4172	2.42493	2.52387	2.6769	2.16468	0.484184	1.32831	0.468338	0.46302
18.4272	2.42472	2.52074	2.67682	2.16238	0.484024	1.32783	0.467331	0.462456
18.4372	2.4249	2.51794	2.67687	2.1623	0.484032	1.32729	0.46743	0.462906
18.4472	2.42535	2.51663	2.67747	2.1627	0.484428	1.32756	0.467766	0.463493
18.4572	2.42594	2.51826	2.67799	2.16463	0.485008	1.32748	0.468277	0.464691
18.4672	2.42583	2.52109	2.67721	2.16467	0.484894	1.32805	0.468468	0.4655
18.4772	2.42612	2.52386	2.67747	2.16522	0.485283	1.32858	0.468605	0.466255
18.4872	2.42689	2.52525	2.67735	2.16608	0.485184	1.32787	0.468521	0.466293
18.4972	2.42726	2.5225	2.67729	2.16417	0.484299	1.32696	0.467155	0.465599
18.5072	2.4281	2.51962	2.67744	2.16428	0.483963	1.32737	0.467163	0.466408
18.5172	2.42863	2.51801	2.6776	2.16412	0.484032	1.32938	0.466957	0.467186
18.5272	2.42893	2.51833	2.6777	2.16573	0.484413	1.32993	0.467415	0.468239
18.5372	2.42892	2.52004	2.67669	2.16341	0.483627	1.3288	0.466393	0.468315
18.5472	2.42903	2.52232	2.67629	2.16343	0.483421	1.32824	0.465981	0.468857
18.5572	2.42967	2.5236	2.67609	2.16402	0.483543	1.32858	0.465927	0.469337
18.5672	2.42976	2.52145	2.67625	2.16239	0.483009	1.3288	0.465309	0.469513
18.5772	2.43037	2.51832	2.67632	2.1624	0.482788	1.32863	0.465103	0.469574
18.5872	2.43068	2.51614	2.67673	2.16236	0.483032	1.32814	0.465385	0.47052
18.5972	2.43125	2.51624	2.67696	2.16357	0.483368	1.32787	0.465973	0.471703
18.6072	2.4314	2.51739	2.67587	2.16027	0.482613	1.32708	0.464706	0.471756
18.6172	2.43148	2.51996	2.67564	2.16052	0.48246	1.32527	0.464363	0.47184
18.6271	2.43233	2.52145	2.67548	2.16093	0.482269	1.32564	0.464394	0.472054
18.6371	2.43274	2.52091	2.67636	2.16255	0.483017	1.32552	0.464951	0.472694
18.6471	2.43354	2.51782	2.6769	2.16322	0.483269	1.32491	0.464958	0.473213
18.6571	2.4338	2.51538	2.67719	2.16316	0.483368	1.32515	0.464928	0.474258
18.6671	2.43429	2.51513	2.67759	2.1642	0.483727	1.32583	0.46492	0.474754
18.6771	2.43442	2.51614	2.6769	2.16177	0.483215	1.32528	0.463921	0.47467
18.6871	2.43494	2.51888	2.67677	2.16213	0.483467	1.32516	0.463707	0.475159
18.6971	2.43523	2.52045	2.67669	2.16261	0.483543	1.32501	0.463646	0.475952
18.7071	2.43534	2.5209	2.67751	2.1656	0.484581	1.32613	0.4646	0.477295
18.7171	2.43491	2.51714	2.67767	2.16547	0.483299	1.32571	0.463081	0.476997
18.7271	2.43499	2.51497	2.67816	2.16535	0.483833	1.32524	0.462845	0.477402
18.7371	2.43568	2.51422	2.67866	2.16622	0.484032	1.32489	0.462868	0.478058
18.7471	2.43582	2.51519	2.67789	2.16389	0.483696	1.32417	0.462555	0.478531
18.7571	2.43604	2.51837	2.67776	2.16415	0.483711	1.3243	0.462029	0.479271
18.7671	2.43662	2.51981	2.67737	2.16463	0.483879	1.32496	0.462173	0.480545
18.7771	2.43658	2.52077	2.67781	2.16695	0.484589	1.32513	0.462975	0.481201
18.7871	2.43678	2.51638	2.67737	2.16444	0.483643	1.32346	0.461761	0.480659
18.7971	2.43739	2.51413	2.67792	2.16456	0.483864	1.32377	0.462036	0.481697
18.8071	2.43806	2.51272	2.67812	2.16465	0.483734	1.3237	0.461914	0.482574
18.8171	2.43923	2.51421	2.67812	2.164	0.485535	1.32558	0.463257	0.484695
18.8271	2.43979	2.51751	2.67811	2.16485	0.485703	1.32598	0.4636	0.485298
18.8371	2.44005	2.51934	2.67752	2.1649	0.485756	1.32605	0.463699	0.485878
18.8471	2.43994	2.52036	2.67768	2.16634	0.485725	1.32595	0.463791	0.486664
18.8571	2.44032	2.51661	2.67751	2.16387	0.485519	1.32627	0.463631	0.487419
18.8671	2.44085	2.51414	2.67795	2.16382	0.485847	1.32686	0.463333	0.487862
18.8771	2.44175	2.51239	2.67811	2.1633	0.485519	1.32661	0.462769	0.488182
18.8871	2.44204	2.51447	2.67873	2.16513	0.486137	1.32753	0.463509	0.489159
18.8971	2.44167	2.51758	2.67796	2.16504	0.486183	1.32681	0.465714	0.487854
18.9071	2.44213	2.52019	2.67797	2.16553	0.48632	1.32745	0.465919	0.489059
18.9171	2.44239	2.52135	2.67783	2.16612	0.485939	1.32832	0.465782	0.489777
18.9271	2.44252	2.51801	2.67719	2.16373	0.485489	1.32791	0.465179	0.489594
18.9371	2.44283	2.51511	2.67754	2.1637	0.485649	1.32712	0.465233	0.489899
18.9471	2.44362	2.5131	2.67757	2.16346	0.485466	1.3271	0.465027	0.490601
18.9571	2.44392	2.51433	2.67798	2.16553	0.485718	1.32703	0.465652	0.491898
18.9671	2.44356	2.51608	2.67689	2.16278	0.484413	1.32669	0.464363	0.492058
18.9771	2.44379	2.5182	2.67667	2.16329	0.484634	1.32721	0.464745	0.492447
18.9871	2.44403	2.51965	2.67654	2.16386	0.484894	1.32676	0.464859	0.493103
18.9971	2.44471	2.51674	2.67645	2.16283	0.484497	1.32629	0.461754	0.495209
19.0071	2.44467	2.51339	2.67664	2.16296	0.484856	1.32585	0.461601	0.495972
19.0171	2.44521	2.51147	2.67703	2.16325	0.485046	1.32676	0.461761	0.496948
19.0271	2.44573	2.5118	2.67768	2.16509	0.485497	1.3273	0.46209	0.497742
19.0371	2.44572	2.51305	2.67689	2.16209	0.484955	1.32677	0.460983	0.497658
19.0471	2.44597	2.51546	2.67668	2.16254	0.485458	1.32637	0.461052	0.498581
19.0571	2.44601	2.51701	2.67653	2.16283	0.485397	1.32653	0.460579	0.49929
19.0671	2.44672	2.51612	2.67722	2.16467	0.486443	1.32783	0.461266	0.500511
19.0771	2.44677	2.51338	2.67778	2.16491	0.486633	1.32824	0.46138	0.500992
19.0871	2.44736	2.51116	2.67831	2.16493	0.486404	1.3278	0.461182	0.501289
19.0971	2.44764	2.51118	2.67893	2.16575	0.486656	1.32792	0.461983	0.502602
19.1071	2.44791	2.51289	2.67832	2.16286	0.486275	1.32803	0.461678	0.503593
19.1171	2.44841	2.51551	2.67822	2.16325	0.486717	1.3284	0.461922	0.504578
19.1271	2.4484	2.51716	2.67812	2.16334	0.48645	1.32806	0.461166	0.504807
19.1371	2.44901	2.51717	2.6785	2.16547	0.486847	1.32767	0.461601	0.50573
19.1471	2.44887	2.51354	2.67867	2.16448	0.485428	1.3264	0.459824	0.505554
19.1571	2.44949	2.51108	2.67892	2.16463	0.485229	1.32645	0.459641	0.506622
19.1671	2.44975	2.51043	2.67918	2.16521	0.485413	1.32779	0.459938	0.508369
19.1771	2.45019	2.51145	2.67822	2.16255	0.484985	1.32707	0.45887	0.508347
19.1871	2.45044	2.51401	2.67746	2.16286	0.485573	1.32662	0.459114	0.509331
19.1971	2.45047	2.51561	2.6771	2.16293	0.485542	1.32605	0.458389	0.509766
19.2071	2.4509	2.51557	2.67728	2.16516	0.485641	1.32652	0.458466	0.510925
19.2171	2.45071	2.51124	2.67692	2.16224	0.48455	1.32635	0.456894	0.510902
19.2271	2.45107	2.50899	2.67718	2.16236	0.484879	1.32708	0.457367	0.511436
19.2371	2.45138	2.5084	2.67781	2.16306	0.484955	1.32693	0.457466	0.512123
19.2471	2.45158	2.51048	2.67821	2.1628	0.486252	1.32761	0.459007	0.514282
19.2571	2.45223	2.51353	2.67793	2.16288	0.486702	1.32764	0.459358	0.51593
19.2671	2.45236	2.51539	2.67763	2.16292	0.486557	1.32819	0.459045	0.516472
19.2771	2.45276	2.51608	2.67818	2.16528	0.48716	1.32904	0.459602	0.517555
19.287	2.45264	2.51263	2.67813	2.16227	0.48629	1.32831	0.458641	0.517487
19.297	2.45326	2.51005	2.67838	2.1625	0.486565	1.3278	0.458702	0.518394
19.307	2.45364	2.50861	2.67861	2.16261	0.48661	1.32742	0.458626	0.519707
19.317	2.45388	2.51067	2.67886	2.1641	0.487312	1.32831	0.459457	0.52137
19.327	2.45432	2.51376	2.67853	2.1644	0.487549	1.32834	0.459389	0.52224
19.337	2.45436	2.51572	2.67836	2.16476	0.487831	1.32735	0.45961	0.523117
19.347	2.45498	2.51602	2.6781	2.166	0.487862	1.327	0.459198	0.523552
19.357	2.45435	2.51268	2.67799	2.16351	0.487251	1.32693	0.458176	0.523651
19.367	2.45493	2.51013	2.67834	2.16358	0.487282	1.32775	0.458382	0.525032
19.377	2.45517	2.50867	2.67859	2.16348	0.487045	1.32756	0.458092	0.526093
19.387	2.45547	2.50983	2.67883	2.16505	0.487389	1.32703	0.458153	0.526756
19.397	2.4557	2.51333	2.67877	2.16531	0.487427	1.32676	0.458237	0.527832
19.407	2.45593	2.5156	2.67847	2.16502	0.48719	1.32696	0.457733	0.52845
19.417	2.4565	2.51669	2.6784	2.16553	0.487106	1.32768	0.457237	0.52903
19.427	2.45627	2.5135	2.67834	2.16344	0.486679	1.32691	0.456383	0.529037
19.437	2.45652	2.51032	2.67812	2.16316	0.486412	1.32632	0.455803	0.529152
19.447	2.4566	2.50857	2.67813	2.16297	0.486603	1.32613	0.455986	0.530144
19.457	2.45741	2.50913	2.67817	2.16429	0.486771	1.32608	0.456108	0.531456
19.467	2.45779	2.51234	2.6782	2.16452	0.485497	1.32542	0.454117	0.530975
19.477	2.4577	2.51468	2.6782	2.16462	0.48555	1.32481	0.453934	0.53064
19.487	2.45827	2.51623	2.67854	2.16612	0.485985	1.32495	0.454521	0.531937
19.497	2.45802	2.51347	2.67844	2.16428	0.485603	1.32439	0.453835	0.532379
19.507	2.45816	2.51065	2.67896	2.16486	0.486198	1.32433	0.454002	0.533676
19.517	2.45802	2.50858	2.67938	2.16544	0.486664	1.32499	0.45475	0.5354
19.527	2.45808	2.50881	2.6795	2.16681	0.486702	1.32527	0.45472	0.535942
19.537	2.45797	2.5107	2.67858	2.16441	0.48587	1.32353	0.453476	0.535858
19.547	2.45815	2.5135	2.67849	2.16434	0.485718	1.3232	0.4534	0.536873
19.557	2.45834	2.51475	2.67844	2.16525	0.485855	1.32362	0.453522	0.538078
19.567	2.45814	2.5125	2.67855	2.16427	0.487495	1.32567	0.45491	0.540329
19.577	2.45871	2.50959	2.6788	2.16479	0.487732	1.32635	0.455048	0.541191
19.587	2.45848	2.50733	2.67885	2.16444	0.487877	1.32481	0.454819	0.541779
19.597	2.4587	2.50726	2.6792	2.16578	0.488205	1.32471	0.45507	0.543076
19.607	2.45874	2.50806	2.67777	2.16242	0.487068	1.32388	0.453865	0.543663
19.617	2.45911	2.51064	2.67738	2.16221	0.486816	1.32421	0.452957	0.544121
19.627	2.45982	2.51187	2.67686	2.16225	0.486649	1.3246	0.452682	0.544624
19.637	2.4601	2.51112	2.6774	2.1635	0.487221	1.32531	0.453369	0.54583
19.647	2.46059	2.50802	2.67774	2.16401	0.487328	1.32453	0.453194	0.546623
19.657	2.46059	2.50619	2.67818	2.1639	0.487389	1.32426	0.453247	0.548615
19.667	2.46088	2.50563	2.67824	2.16459	0.487305	1.32443	0.45343	0.549538
19.677	2.46072	2.50649	2.67742	2.16144	0.487038	1.32438	0.452431	0.549591
19.687	2.46117	2.50903	2.67707	2.16134	0.486801	1.32388	0.452072	0.5494
19.697	2.46178	2.5103	2.67665	2.1615	0.486832	1.32334	0.451698	0.549919
19.707	2.46193	2.51098	2.67794	2.16424	0.487724	1.32404	0.452362	0.551537
19.717	2.4621	2.508	2.67885	2.16525	0.488129	1.32524	0.452988	0.553261
19.727	2.46217	2.50588	2.67952	2.16541	0.4888	1.32597	0.453163	0.554169
19.737	2.46266	2.50531	2.68002	2.16614	0.48912	1.32517	0.453339	0.554832
19.747	2.46263	2.50614	2.67935	2.16376	0.488846	1.3244	0.452614	0.555473
19.757	2.46283	2.50916	2.67892	2.16389	0.489319	1.32464	0.452286	0.555954
19.767	2.46289	2.51046	2.67854	2.16426	0.489494	1.32539	0.452057	0.557388
19.777	2.46276	2.51122	2.67903	2.16663	0.489822	1.32624	0.45253	0.558167
19.787	2.4625	2.50768	2.67921	2.16689	0.488892	1.32465	0.451157	0.558746
19.797	2.46249	2.50517	2.67941	2.16663	0.488968	1.32422	0.451126	0.559845
19.807	2.46258	2.50397	2.67954	2.16694	0.48893	1.32448	0.451233	0.561394
19.817	2.46251	2.50475	2.67845	2.16453	0.488503	1.32508	0.450539	0.56205
19.827	2.46254	2.50787	2.67844	2.16479	0.488525	1.32554	0.450478	0.562477
19.837	2.46247	2.5093	2.67814	2.16512	0.488457	1.32502	0.450348	0.563049
19.847	2.46265	2.51055	2.67892	2.16726	0.488968	1.32532	0.450897	0.564339
19.857	2.46268	2.50567	2.67876	2.16512	0.488159	1.32464	0.449898	0.564957
19.867	2.46256	2.50317	2.67912	2.16493	0.488152	1.32457	0.449623	0.565575
19.877	2.46317	2.5018	2.67937	2.16545	0.488449	1.32496	0.449753	0.566673
19.887	2.46346	2.50282	2.67908	2.16417	0.489525	1.325	0.450615	0.567513
19.897	2.46353	2.50639	2.67916	2.16497	0.489563	1.32517	0.45121	0.569199
19.907	2.46362	2.50801	2.67863	2.16512	0.48954	1.32491	0.450851	0.569847
19.917	2.46352	2.50905	2.67893	2.16655	0.489677	1.32502	0.450859	0.571068
19.927	2.46333	2.5051	2.67839	2.1638	0.488892	1.32423	0.449974	0.571358
19.9369	2.46365	2.50298	2.6791	2.16397	0.489273	1.32388	0.449631	0.571701
19.9469	2.46358	2.50117	2.67924	2.16425	0.489342	1.3236	0.449615	0.572456
19.9569	2.46385	2.50319	2.67955	2.1657	0.489899	1.32412	0.450012	0.573959
19.9669	2.46404	2.50706	2.67921	2.16628	0.490204	1.32546	0.450142	0.575783
19.9769	2.46404	2.50887	2.67881	2.16624	0.490311	1.32533	0.449738	0.576408
19.9869	2.4639	2.51054	2.67915	2.16736	0.490402	1.32556	0.449959	0.577049
19.9969	2.46388	2.5073	2.67892	2.16532	0.490082	1.32467	0.448944	0.577408
20.0069	2.46381	2.50491	2.67962	2.16575	0.490417	1.32493	0.449326	0.579361
20.0169	2.46412	2.50304	2.67996	2.16601	0.490982	1.32571	0.449364	0.580856
20.0269	2.46429	2.5041	2.68042	2.16822	0.491638	1.32587	0.449631	0.581902
20.0369	2.46369	2.50515	2.67905	2.16543	0.490562	1.32396	0.44873	0.582153
20.0469	2.46416	2.50719	2.67854	2.1652	0.490715	1.32343	0.448273	0.582954
20.0569	2.4641	2.50884	2.67878	2.16608	0.490875	1.32344	0.448982	0.584824
20.0669	2.46441	2.50634	2.67899	2.16512	0.49099	1.32343	0.448853	0.5858
20.0769	2.46425	2.50364	2.67966	2.1656	0.491142	1.32358	0.448944	0.586136
20.0869	2.46479	2.50083	2.67944	2.16553	0.49102	1.32219	0.448372	0.586533
20.0969	2.46477	2.50106	2.6796	2.16666	0.491508	1.32185	0.448784	0.587837
20.1069	2.46465	2.50214	2.6789	2.16389	0.491119	1.32204	0.447937	0.588539
20.1169	2.46491	2.5045	2.67842	2.1638	0.490944	1.32289	0.447525	0.589691
20.1269	2.46474	2.50649	2.67829	2.1643	0.491226	1.32263	0.447289	0.589897
20.1369	2.46516	2.50651	2.67905	2.16641	0.491943	1.32265	0.448044	0.590668
20.1469	2.46455	2.50218	2.6786	2.16423	0.490707	1.32129	0.446968	0.591064
20.1569	2.46455	2.49971	2.67896	2.16458	0.4907	1.3215	0.446777	0.592087
20.1669	2.46458	2.49862	2.67902	2.16481	0.490616	1.32228	0.446503	0.592606
20.1769	2.46429	2.49929	2.67825	2.16276	0.490349	1.32185	0.445526	0.592995
20.1869	2.46419	2.50262	2.67834	2.16323	0.490593	1.32162	0.445709	0.593742
20.1969	2.46403	2.50427	2.67829	2.16366	0.490616	1.32099	0.445145	0.593872
20.2069	2.46432	2.50468	2.67853	2.16605	0.491043	1.32088	0.445351	0.595474
20.2169	2.46403	2.50185	2.67879	2.16396	0.490761	1.32146	0.44487	0.596207
20.2269	2.46431	2.49905	2.67921	2.16423	0.490974	1.32254	0.445328	0.597305
20.2369	2.46428	2.49742	2.6793	2.16444	0.491402	1.32218	0.444901	0.598015
20.2469	2.46421	2.49971	2.67996	2.16589	0.492462	1.32221	0.445587	0.599197
20.2569	2.46362	2.50233	2.67907	2.16497	0.491119	1.32135	0.443581	0.59967
20.2669	2.4631	2.50446	2.67886	2.16521	0.49115	1.32143	0.443436	0.601288
20.2769	2.46372	2.50548	2.67881	2.16645	0.491043	1.32169	0.44323	0.601822
20.2869	2.46326	2.50326	2.67888	2.16543	0.491531	1.3215	0.443123	0.602562
20.2969	2.46349	2.50054	2.67935	2.16594	0.491676	1.32137	0.443329	0.603989
20.3069	2.46347	2.49887	2.67975	2.16596	0.491631	1.32139	0.443275	0.605186
20.3169	2.46341	2.49967	2.68038	2.16795	0.492317	1.32172	0.443916	0.60672
20.3299	2.46348	2.49974	2.67995	2.16741	0.492577	1.36987	0.443275	0.624603
20.3409	2.4636	2.50041	2.68031	2.16795	0.493912	1.41998	0.444016	0.644012
20.3469	2.46382	2.50146	2.6799	2.16853	0.493706	1.41904	0.444061	0.645142
20.3569	2.46394	2.50056	2.68015	2.16885	0.495239	1.41906	0.445236	0.647003
20.3669	2.46365	2.49724	2.68037	2.16901	0.494202	1.41889	0.443893	0.647469
20.3769	2.4632	2.49522	2.68077	2.16904	0.494507	1.41966	0.444206	0.648499
20.3869	2.46333	2.49459	2.68111	2.17	0.494537	1.41891	0.444008	0.648788
20.3969	2.46324	2.49536	2.68056	2.16831	0.493927	1.41747	0.44313	0.648521
20.4069	2.46293	2.49814	2.68023	2.1686	0.49395	1.41652	0.443161	0.649284
20.4169	2.46294	2.4998	2.67944	2.16866	0.493439	1.4173	0.442719	0.650536
20.4269	2.46284	2.50193	2.67974	2.16896	0.493561	1.36977	0.442711	0.633453
20.4369	2.46253	2.50063	2.67913	2.16665	0.491989	1.31768	0.441322	0.614578
20.4469	2.46282	2.49861	2.67994	2.16711	0.492424	1.31734	0.441101	0.61586
20.4569	2.46292	2.49652	2.68027	2.16735	0.492546	1.31767	0.441231	0.616798
20.4669	2.46332	2.4977	2.68007	2.16669	0.493492	1.31916	0.442123	0.618538
20.4769	2.46279	2.49931	2.67939	2.16428	0.492622	1.31906	0.440933	0.61853
20.4869	2.46281	2.50134	2.67902	2.16448	0.492607	1.3179	0.441048	0.619278
20.4969	2.46225	2.50291	2.67927	2.16577	0.493065	1.31775	0.441376	0.620789
20.5069	2.46243	2.50096	2.67926	2.16486	0.493126	1.3178	0.440758	0.621719
20.5169	2.46244	2.49799	2.67983	2.16557	0.493889	1.31808	0.441231	0.621559
20.5269	2.46238	2.49568	2.68011	2.16578	0.493828	1.31942	0.441338	0.62281
20.5369	2.46227	2.49647	2.68061	2.16805	0.494316	1.31956	0.44194	0.623955
20.5469	2.46141	2.49725	2.68002	2.16628	0.493973	1.31916	0.441422	0.624153
20.5569	2.46132	2.49982	2.67965	2.16618	0.493774	1.31897	0.441139	0.625473
20.5669	2.46138	2.50188	2.67991	2.16677	0.493744	1.31922	0.440842	0.626503
20.5769	2.46184	2.50213	2.6805	2.16919	0.494934	1.32117	0.441566	0.627586
20.5868	2.46157	2.49931	2.68035	2.16689	0.494667	1.32072	0.44101	0.627464
20.5968	2.46188	2.49644	2.6804	2.1667	0.494499	1.32003	0.440712	0.628059
20.6068	2.46194	2.49548	2.68068	2.1673	0.49482	1.32034	0.440613	0.629684
20.6168	2.46166	2.49632	2.68047	2.16624	0.494431	1.32089	0.439857	0.632187
20.6268	2.4612	2.49724	2.67905	2.16335	0.493484	1.32043	0.438278	0.632195
20.6368	2.4611	2.49936	2.67876	2.16335	0.493347	1.31961	0.437813	0.63237
20.6468	2.4615	2.50034	2.67869	2.16483	0.493416	1.31918	0.438202	0.633598
20.6568	2.46133	2.49873	2.67888	2.1643	0.493637	1.31831	0.437912	0.634346
20.6668	2.46124	2.49572	2.67904	2.16494	0.493988	1.31934	0.438141	0.636063
20.6768	2.46139	2.49326	2.67889	2.1647	0.493797	1.31961	0.438042	0.636864
20.6868	2.46169	2.49389	2.67947	2.16679	0.494141	1.31898	0.438004	0.637787
20.6968	2.4618	2.4948	2.67898	2.16531	0.494011	1.31798	0.43779	0.638634
20.7068	2.46149	2.49747	2.67915	2.16561	0.493645	1.31766	0.438271	0.639763
20.7168	2.46191	2.49915	2.679	2.16614	0.493866	1.31769	0.437996	0.640305
20.7268	2.4621	2.49992	2.6799	2.16846	0.49472	1.31917	0.439056	0.641808
20.7368	2.46257	2.49689	2.67974	2.16624	0.49437	1.31764	0.437988	0.641624
20.7468	2.46268	2.49477	2.68049	2.16664	0.494835	1.31674	0.437866	0.642029
20.7568	2.46313	2.49396	2.68069	2.16718	0.494858	1.31699	0.437843	0.643898
20.7668	2.46312	2.49438	2.68031	2.1659	0.494736	1.31722	0.437355	0.644531
20.7768	2.46268	2.49583	2.6798	2.16354	0.494347	1.31776	0.436447	0.645294
20.7868	2.46274	2.49739	2.679	2.1632	0.494164	1.31599	0.435966	0.644821
20.7968	2.46296	2.4991	2.67957	2.16512	0.494873	1.31598	0.436195	0.645729
20.8068	2.46331	2.49741	2.67918	2.16467	0.494812	1.31568	0.435631	0.646484
20.8168	2.46284	2.49359	2.67912	2.16323	0.494034	1.31604	0.434631	0.647163
20.8268	2.46327	2.49142	2.67957	2.16385	0.494316	1.31683	0.434502	0.648132
20.8368	2.46342	2.49204	2.68006	2.16614	0.495125	1.31724	0.435326	0.649193
20.8468	2.46341	2.49297	2.67936	2.16452	0.495026	1.31625	0.434692	0.649384
20.8568	2.46368	2.49531	2.67912	2.16502	0.495125	1.31668	0.434837	0.650436
20.8668	2.46387	2.4974	2.67909	2.16554	0.495377	1.31725	0.434937	0.651855
20.8768	2.46477	2.4981	2.67979	2.16841	0.496162	1.31831	0.435448	0.653114
20.8868	2.46485	2.49651	2.68014	2.16734	0.49614	1.31718	0.434822	0.653427
20.8968	2.46522	2.49359	2.68016	2.1675	0.495995	1.31605	0.434372	0.654053
20.9068	2.46553	2.49229	2.68053	2.16792	0.496529	1.3158	0.434395	0.655685
20.9168	2.46594	2.49386	2.68062	2.16891	0.497253	1.31638	0.434967	0.657303
20.9268	2.46584	2.4945	2.67974	2.16639	0.496834	1.31708	0.434097	0.6577
20.9368	2.46566	2.49675	2.6795	2.16646	0.496712	1.31541	0.433838	0.657776
20.9468	2.46605	2.49783	2.67964	2.16798	0.497002	1.31542	0.434052	0.658661
20.9568	2.46582	2.49671	2.67992	2.16738	0.496872	1.31449	0.433708	0.659576
20.9668	2.4657	2.49255	2.67938	2.16468	0.495941	1.31429	0.432304	0.659782
20.9768	2.46532	2.49011	2.67954	2.16471	0.49614	1.31499	0.432076	0.6604
20.9868	2.46558	2.48965	2.68003	2.16621	0.496498	1.3151	0.432472	0.661156
20.9968	2.4651	2.49017	2.67957	2.16487	0.496277	1.31435	0.432137	0.661331
21.0068	2.46445	2.49158	2.67847	2.16254	0.494965	1.3133	0.43045	0.66082
21.0168	2.46494	2.4938	2.6785	2.16315	0.495049	1.31367	0.430573	0.66188
21.0268	2.46528	2.49566	2.67938	2.16546	0.495758	1.31541	0.431129	0.663269
21.0368	2.46558	2.49404	2.67948	2.1649	0.495628	1.31487	0.43074	0.663513
21.0468	2.4647	2.49056	2.67912	2.16372	0.49395	1.31219	0.428947	0.663445
21.0568	2.465	2.48847	2.67924	2.16385	0.493668	1.31207	0.428566	0.664314
21.0668	2.46527	2.49008	2.68006	2.16661	0.494713	1.3129	0.429527	0.666245
21.0768	2.46497	2.49121	2.67963	2.16519	0.494484	1.31406	0.429054	0.66687
21.0868	2.4651	2.4938	2.67921	2.16547	0.494553	1.31402	0.429192	0.667229
21.0968	2.46511	2.49605	2.67947	2.16611	0.494804	1.3131	0.428932	0.667725
21.1068	2.46589	2.49586	2.67999	2.16817	0.495872	1.31389	0.430183	0.669922
21.1168	2.46554	2.49394	2.68011	2.16696	0.495796	1.31455	0.429573	0.671242
21.1268	2.46559	2.4909	2.67997	2.16698	0.495293	1.31483	0.429214	0.671844
21.1368	2.46546	2.48959	2.68027	2.16759	0.495712	1.3143	0.429497	0.672699
21.1468	2.46628	2.49101	2.68073	2.1682	0.497139	1.31531	0.430374	0.673592
21.1568	2.46628	2.49154	2.67985	2.16608	0.497208	1.31483	0.429909	0.674141
21.1668	2.46642	2.4944	2.67973	2.16636	0.497162	1.31537	0.429924	0.675064
21.1768	2.46736	2.49551	2.67964	2.16763	0.49733	1.31711	0.430367	0.676567
21.1868	2.46703	2.49447	2.67973	2.16718	0.497566	1.31546	0.430252	0.676987
21.1968	2.46721	2.49083	2.67919	2.16499	0.497116	1.31487	0.429718	0.677681
21.2068	2.46722	2.48876	2.67967	2.16522	0.49704	1.31396	0.429619	0.679016
21.2168	2.46758	2.48801	2.67991	2.16646	0.497475	1.31476	0.430084	0.680367
21.2268	2.46774	2.48904	2.68007	2.16617	0.498077	1.31641	0.429993	0.681679
21.2367	2.46744	2.48989	2.67915	2.16322	0.497444	1.31491	0.428528	0.680817
21.2467	2.46742	2.49202	2.67905	2.16389	0.497864	1.3145	0.42926	0.682388
21.2567	2.46704	2.49382	2.67961	2.16622	0.498184	1.31447	0.429237	0.683701
21.2667	2.46715	2.49196	2.67957	2.16588	0.498306	1.3147	0.428818	0.684662
21.2767	2.46638	2.48836	2.6795	2.16323	0.497902	1.31494	0.427879	0.685059
21.2867	2.46674	2.48602	2.67971	2.1636	0.497688	1.31458	0.427116	0.684906
21.2967	2.46708	2.48682	2.68063	2.16593	0.498161	1.31359	0.427414	0.68557
21.3067	2.46695	2.48762	2.68051	2.16527	0.498268	1.31396	0.427048	0.686096
21.3167	2.46651	2.48886	2.67909	2.16308	0.496933	1.31462	0.425049	0.686707
21.3267	2.46609	2.49038	2.67863	2.16333	0.496971	1.31483	0.424454	0.68718
21.3367	2.46641	2.49123	2.67896	2.16592	0.497208	1.31345	0.425041	0.687775
21.3467	2.46606	2.49001	2.6791	2.16515	0.497025	1.31284	0.424469	0.6884
21.3567	2.4664	2.48717	2.67959	2.1657	0.496971	1.31269	0.422333	0.687843
21.3667	2.46601	2.48521	2.6796	2.16571	0.497093	1.3132	0.422195	0.689209
21.3767	2.46642	2.48681	2.68027	2.1685	0.497993	1.31554	0.423027	0.691452
21.3867	2.46616	2.48719	2.67986	2.1673	0.497871	1.31263	0.422661	0.690971
21.3967	2.46593	2.49021	2.67942	2.16763	0.497948	1.31354	0.422775	0.692406
21.4067	2.46609	2.49174	2.67912	2.16837	0.498245	1.31279	0.422417	0.693092
21.4167	2.46602	2.49238	2.68045	2.17055	0.499313	1.31216	0.423744	0.694191
21.4267	2.46589	2.49076	2.68058	2.1696	0.499237	1.31416	0.423615	0.69532
21.4367	2.46582	2.48867	2.68149	2.17052	0.499817	1.31467	0.424088	0.696114
21.4467	2.46602	2.48705	2.68165	2.17079	0.499428	1.31296	0.423416	0.695969
21.4567	2.46593	2.48705	2.68098	2.16968	0.499641	1.31289	0.425346	0.698334
21.4667	2.466	2.48821	2.68079	2.16853	0.499504	1.31274	0.424606	0.698952
21.4767	2.46606	2.4907	2.6806	2.16874	0.499886	1.31434	0.424446	0.699974
21.4867	2.46583	2.49265	2.6806	2.16955	0.500076	1.31531	0.424652	0.700897
21.4967	2.46571	2.49123	2.68048	2.1695	0.50013	1.31352	0.424477	0.70076
21.5067	2.46545	2.48965	2.68069	2.16848	0.499893	1.31318	0.424438	0.702248
21.5167	2.46561	2.48686	2.68067	2.16876	0.500237	1.31384	0.424423	0.703339
21.5267	2.46555	2.4854	2.68063	2.16937	0.500496	1.31605	0.424576	0.705032
21.5367	2.46545	2.48571	2.68006	2.16834	0.500084	1.3149	0.42382	0.704964
21.5467	2.46568	2.48622	2.67958	2.16718	0.500351	1.31428	0.423889	0.705521
21.5567	2.46561	2.48937	2.67992	2.1678	0.500336	1.3136	0.423927	0.706169
21.5667	2.46576	2.49069	2.67999	2.16929	0.500671	1.31435	0.42466	0.707596
21.5767	2.46547	2.48959	2.68004	2.16901	0.500397	1.31568	0.423836	0.708557
21.5867	2.46547	2.48681	2.67989	2.16744	0.50016	1.31507	0.42292	0.708748
21.5967	2.46537	2.48434	2.68017	2.16736	0.500099	1.3141	0.422592	0.708931
21.6077	2.46539	2.4834	2.6806	2.16867	0.500916	1.31142	0.422897	0.708107
21.6177	2.46538	2.48353	2.68037	2.16802	0.500755	1.2858	0.422226	0.696754
21.6277	2.46549	2.48473	2.68066	2.16799	0.500099	1.27245	0.421562	0.691635
21.6377	2.46518	2.48496	2.67957	2.16552	0.499611	1.29328	0.420769	0.701775
21.6477	2.46474	2.48672	2.67969	2.16698	0.500237	1.30999	0.421005	0.710609
21.6577	2.46474	2.48561	2.67939	2.16677	0.500221	1.30582	0.420906	0.709892
21.6677	2.46436	2.48486	2.67969	2.16644	0.499901	1.2817	0.420067	0.699028
21.6777	2.46426	2.48129	2.67921	2.16463	0.498436	1.26615	0.418625	0.692436
21.6877	2.46436	2.48085	2.67953	2.1661	0.498993	1.28839	0.419464	0.704231
21.6977	2.46457	2.48138	2.67963	2.16616	0.499619	1.30316	0.419624	0.712547
21.7077	2.46404	2.48174	2.67906	2.16499	0.499138	1.30314	0.418945	0.713882
21.7177	2.46329	2.48354	2.67844	2.1634	0.498123	1.30379	0.417671	0.714821
21.7277	2.46297	2.4849	2.67802	2.16373	0.498337	1.30289	0.417526	0.714821
21.7377	2.46301	2.48627	2.67886	2.16638	0.499237	1.30386	0.418114	0.71653
21.7477	2.46313	2.48466	2.6788	2.16576	0.498848	1.30146	0.417747	0.716209
21.7577	2.4626	2.48069	2.67828	2.16312	0.497902	1.30139	0.416473	0.717079
21.7677	2.46254	2.47875	2.67825	2.16333	0.498009	1.30153	0.416527	0.717781
21.7777	2.46238	2.48045	2.67898	2.16537	0.499153	1.30215	0.417595	0.718872
21.7877	2.46165	2.48127	2.67883	2.16482	0.49913	1.30126	0.417114	0.718864
21.7977	2.46075	2.48335	2.67822	2.16383	0.497841	1.30044	0.415573	0.719139
21.8077	2.46092	2.48564	2.67865	2.16494	0.498276	1.29993	0.41597	0.720024
21.8177	2.46129	2.48561	2.67898	2.16661	0.498909	1.30194	0.417061	0.721931
21.8277	2.46131	2.48438	2.67882	2.16582	0.498558	1.30132	0.416687	0.721832
21.8377	2.46166	2.48174	2.67947	2.16674	0.498802	1.30098	0.416809	0.722153
21.8477	2.46121	2.48017	2.67977	2.16724	0.499008	1.30048	0.416916	0.723038
21.8577	2.46143	2.48204	2.68069	2.16994	0.500519	1.30151	0.417885	0.724785
21.8677	2.46132	2.48293	2.68059	2.16919	0.500244	1.30299	0.417213	0.726173
21.8777	2.46124	2.48581	2.68029	2.16972	0.500954	1.30297	0.417397	0.726768
21.8877	2.46185	2.48768	2.68026	2.17088	0.50132	1.3027	0.417496	0.727448
21.8976	2.4621	2.4871	2.68052	2.17164	0.502655	1.30272	0.418571	0.728813
21.9076	2.46179	2.48477	2.67996	2.17052	0.502533	1.30251	0.417931	0.729881
21.9176	2.46188	2.48246	2.68072	2.17135	0.503273	1.30377	0.417641	0.729248
21.9276	2.46197	2.48116	2.6815	2.17258	0.503914	1.30437	0.417679	0.730125
21.9376	2.46146	2.48173	2.68134	2.17189	0.503937	1.30362	0.417824	0.730835
21.9476	2.46104	2.48286	2.68114	2.17091	0.50367	1.3028	0.417366	0.731339
21.9576	2.4608	2.48524	2.68068	2.17126	0.503479	1.30306	0.417694	0.732727
21.9676	2.46033	2.48692	2.68063	2.17191	0.503601	1.304	0.417763	0.734032
21.9776	2.45995	2.48508	2.68018	2.17111	0.502861	1.30362	0.416824	0.733627
21.9876	2.45931	2.48348	2.68018	2.16998	0.502403	1.30008	0.416039	0.732491
21.9976	2.4591	2.48128	2.68056	2.17064	0.50248	1.30017	0.4161	0.733322
22.0076	2.45892	2.48022	2.68092	2.17134	0.502457	1.29984	0.416199	0.734642
22.0176	2.45823	2.48098	2.68079	2.17052	0.502052	1.29961	0.415924	0.737129
22.0276	2.45772	2.48164	2.68027	2.16898	0.501717	1.2991	0.415771	0.737465
22.0376	2.45744	2.48424	2.67992	2.16922	0.50161	1.29777	0.415421	0.737495
22.0476	2.45782	2.4856	2.67979	2.17049	0.502449	1.29765	0.415611	0.738647
22.0576	2.45726	2.4847	2.67988	2.16996	0.502434	1.29778	0.415344	0.739609
22.0676	2.45729	2.48225	2.67974	2.16878	0.502602	1.29816	0.4151	0.740341
22.0776	2.45734	2.47997	2.68017	2.16901	0.502739	1.29768	0.415154	0.740837
22.0876	2.45776	2.47907	2.68056	2.16994	0.503151	1.29945	0.415489	0.7425
22.0976	2.45773	2.47926	2.68028	2.1692	0.502937	1.29785	0.415085	0.74247
22.1076	2.45737	2.48039	2.68011	2.16765	0.502831	1.29818	0.414795	0.742973
22.1176	2.45768	2.48248	2.67958	2.16798	0.502853	1.29901	0.414574	0.74411
22.1276	2.45761	2.48404	2.67982	2.16932	0.503227	1.29824	0.414146	0.744263
22.1376	2.45763	2.48251	2.67973	2.16892	0.50338	1.29749	0.413628	0.744492
22.1476	2.45694	2.48032	2.6797	2.16719	0.502472	1.2961	0.413017	0.744553
22.1576	2.45737	2.47784	2.67991	2.16732	0.502586	1.29588	0.412804	0.745247
22.1676	2.45722	2.4771	2.67995	2.16836	0.502342	1.29617	0.412697	0.746338
22.1776	2.45708	2.47809	2.68013	2.16817	0.502457	1.29601	0.412552	0.746933
22.1876	2.45631	2.47829	2.67915	2.1657	0.501907	1.29406	0.411804	0.74675
22.1976	2.45582	2.48093	2.67901	2.16598	0.501793	1.29334	0.411713	0.747444
22.2076	2.45575	2.4819	2.67892	2.16776	0.502037	1.29351	0.411827	0.748543
22.2176	2.45492	2.48092	2.67906	2.16743	0.502136	1.29453	0.411896	0.750038
22.2276	2.45452	2.47731	2.67847	2.16472	0.501503	1.29427	0.411179	0.749786
22.2376	2.45403	2.47522	2.67889	2.16494	0.501511	1.29327	0.411339	0.749977
22.2476	2.45408	2.47482	2.67915	2.16631	0.501808	1.29301	0.411293	0.75071
22.2576	2.45353	2.47519	2.67876	2.16561	0.501511	1.29235	0.410912	0.751999
22.2676	2.45296	2.47661	2.67825	2.16332	0.501625	1.29341	0.41053	0.753433
22.2776	2.45287	2.4787	2.67798	2.16368	0.501854	1.29364	0.410286	0.754044
22.2876	2.45272	2.48045	2.67876	2.16628	0.502678	1.29373	0.410736	0.754791
22.2976	2.45264	2.47867	2.6785	2.16557	0.502563	1.29327	0.410225	0.755333
22.3076	2.45239	2.47531	2.6782	2.16266	0.501816	1.29234	0.409119	0.755989
22.3176	2.45248	2.4732	2.67857	2.16331	0.502342	1.29359	0.409386	0.757576
22.3276	2.45252	2.47414	2.67899	2.16572	0.503181	1.29398	0.4095	0.758003
22.3376	2.45213	2.47538	2.6785	2.16479	0.503197	1.29306	0.408699	0.757599
22.3476	2.45155	2.47694	2.67733	2.16294	0.50235	1.29208	0.407257	0.757607
22.3576	2.45114	2.47922	2.67744	2.16383	0.502762	1.29251	0.406937	0.75869
22.3676	2.45145	2.4799	2.6778	2.16645	0.503159	1.29375	0.407364	0.760071
22.3776	2.45055	2.47839	2.67779	2.16574	0.502838	1.29314	0.406929	0.759972
22.3876	2.45034	2.47587	2.67834	2.16644	0.502655	1.29212	0.40667	0.760109
22.3976	2.45034	2.47438	2.67877	2.16682	0.502701	1.29107	0.406494	0.760368
22.4076	2.45025	2.47581	2.67948	2.16972	0.503593	1.29224	0.407249	0.761833
22.4176	2.45003	2.47663	2.6792	2.16858	0.503326	1.29292	0.407066	0.762779
22.4276	2.44968	2.47963	2.67931	2.16933	0.503738	1.29298	0.407845	0.764168
22.4376	2.44996	2.48075	2.67925	2.17033	0.503777	1.2918	0.407959	0.765205
22.4476	2.44994	2.48118	2.6803	2.17236	0.504814	1.29134	0.409233	0.766365
22.4576	2.44968	2.4789	2.68009	2.17086	0.504387	1.29116	0.408836	0.767113
22.4676	2.44922	2.47668	2.6809	2.17136	0.504692	1.2925	0.408913	0.76857
22.4776	2.44955	2.47548	2.6814	2.1721	0.505188	1.29253	0.409378	0.769272
22.4876	2.4494	2.47577	2.6808	2.17097	0.505135	1.2913	0.40918	0.769249
22.4976	2.44852	2.47675	2.68047	2.16936	0.505203	1.2908	0.408882	0.769821
22.5076	2.44864	2.47899	2.68012	2.16972	0.505386	1.29087	0.408897	0.771103
22.5176	2.44853	2.48071	2.68025	2.17075	0.505569	1.29185	0.408669	0.772232
22.5276	2.44843	2.47904	2.67997	2.17007	0.504944	1.29126	0.407944	0.771759
22.5376	2.44785	2.47697	2.68025	2.16821	0.504745	1.29034	0.407356	0.771309
22.5476	2.448	2.47458	2.68068	2.16879	0.505249	1.29004	0.407669	0.771965
22.5575	2.4478	2.47408	2.68122	2.17017	0.50576	1.29015	0.408142	0.773186
22.5675	2.44747	2.47488	2.68089	2.16952	0.505722	1.29012	0.407669	0.77404
22.5775	2.44706	2.4752	2.67944	2.16611	0.504807	1.2892	0.406517	0.773453
22.5915	2.44685	2.47533	2.67959	2.16654	0.506119	1.32777	0.407806	0.79567
22.6025	2.4472	2.4746	2.67995	2.16856	0.50618	1.27752	0.407455	0.769547
22.6075	2.44641	2.47361	2.68016	2.16779	0.506271	1.27728	0.406662	0.770233
22.6175	2.44576	2.46928	2.67944	2.16546	0.504829	1.27648	0.404877	0.770355
22.6275	2.44541	2.4674	2.67995	2.16567	0.505211	1.2769	0.405098	0.77124
22.6375	2.44534	2.46703	2.67998	2.16747	0.505638	1.27644	0.405472	0.771866
22.6475	2.44496	2.46771	2.67969	2.16652	0.505402	1.27565	0.404884	0.772339
22.6575	2.44482	2.47079	2.67937	2.16629	0.503914	1.27471	0.402908	0.772263
22.6675	2.44494	2.47253	2.67925	2.16684	0.504189	1.27571	0.402924	0.773544
22.6775	2.44466	2.47404	2.6802	2.1701	0.50499	1.27671	0.403381	0.774551
22.6875	2.44471	2.47434	2.67975	2.16888	0.50341	1.23618	0.401718	0.752464
22.6975	2.44469	2.47381	2.68006	2.16924	0.50396	1.28598	0.402313	0.780212
22.7075	2.44485	2.47186	2.68019	2.16978	0.503708	1.28631	0.402901	0.781281
22.7175	2.44499	2.4734	2.68053	2.17146	0.50486	1.28837	0.404121	0.783432
22.7275	2.44439	2.47446	2.67994	2.16972	0.50441	1.28805	0.403381	0.783684
22.7375	2.44424	2.47727	2.67986	2.1701	0.504631	1.28712	0.403542	0.784035
22.7475	2.44391	2.47883	2.67941	2.17023	0.504311	1.28625	0.403442	0.784424
22.7575	2.44402	2.47755	2.67958	2.17036	0.505653	1.28757	0.404907	0.78611
22.7675	2.44333	2.47557	2.67972	2.16844	0.505051	1.28828	0.404381	0.787064
22.7775	2.44307	2.47313	2.67984	2.16872	0.505074	1.28831	0.404358	0.787605
22.7875	2.44242	2.4717	2.67992	2.16931	0.505356	1.28758	0.404175	0.787804
22.7975	2.4418	2.47217	2.67934	2.16843	0.504982	1.28619	0.403946	0.787956
22.8075	2.44157	2.4733	2.67857	2.16563	0.504631	1.28521	0.40313	0.78875
22.8175	2.44102	2.47626	2.67886	2.16651	0.505424	1.28625	0.403503	0.790169
22.8275	2.44136	2.4773	2.67875	2.16801	0.505661	1.28625	0.403343	0.790421
22.8375	2.44081	2.4762	2.67899	2.16756	0.505463	1.28583	0.403252	0.790329
22.8475	2.44038	2.47261	2.6786	2.16627	0.504539	1.2846	0.402031	0.790062
22.8575	2.44015	2.47039	2.67903	2.16651	0.504761	1.28458	0.401955	0.79113
22.8675	2.44024	2.47008	2.67906	2.16804	0.504974	1.28545	0.402283	0.792137
22.8775	2.44008	2.47062	2.67879	2.16677	0.504906	1.28473	0.402039	0.792389
22.8875	2.43951	2.47274	2.67799	2.16486	0.504051	1.28969	0.400902	0.79612
22.8975	2.43971	2.47469	2.67809	2.16555	0.504333	1.28939	0.400635	0.796669
22.9075	2.43929	2.47552	2.6785	2.16813	0.504517	1.28976	0.401077	0.797241
22.9175	2.43919	2.47274	2.67815	2.1666	0.50412	1.29015	0.400192	0.797745
22.9275	2.43875	2.47058	2.67891	2.16748	0.504768	1.29059	0.400917	0.798584
22.9375	2.43911	2.46844	2.67851	2.16721	0.504433	1.28899	0.400131	0.798714
22.9475	2.43929	2.46991	2.67923	2.16853	0.505455	1.28907	0.401024	0.799866
22.9575	2.43861	2.47093	2.6785	2.16652	0.505043	1.28866	0.400658	0.800583
22.9675	2.43845	2.47309	2.67835	2.16707	0.505447	1.28922	0.400894	0.802071
22.9775	2.43839	2.47508	2.67848	2.16783	0.505264	1.2892	0.400673	0.802116
22.9875	2.43876	2.47488	2.67936	2.16998	0.506439	1.28262	0.401474	0.798485
22.9975	2.43781	2.47215	2.67915	2.1674	0.505653	1.28104	0.40065	0.798317
23.0075	2.43751	2.46957	2.67932	2.16768	0.505806	1.28146	0.400589	0.79966
23.0175	2.43742	2.46909	2.6797	2.16864	0.50573	1.2823	0.400848	0.800499
23.0275	2.43682	2.46947	2.67927	2.16753	0.505287	1.28245	0.400169	0.800308
23.0375	2.43579	2.47086	2.67836	2.16543	0.504631	1.28074	0.399117	0.799347
23.0475	2.43531	2.47321	2.67847	2.16611	0.505089	1.28028	0.399414	0.800392
23.0575	2.43554	2.47439	2.67865	2.16828	0.505424	1.27995	0.399818	0.801506
23.0675	2.43512	2.47301	2.67841	2.16731	0.505363	1.28096	0.398949	0.801849
23.0775	2.4346	2.4698	2.67857	2.16814	0.506027	1.28216	0.399139	0.80294
23.0875	2.43401	2.46794	2.67883	2.16832	0.505829	1.28148	0.399078	0.802864
23.0975	2.43394	2.46845	2.67917	2.17049	0.506416	1.28131	0.399803	0.803642
23.1075	2.43375	2.46944	2.67867	2.16898	0.505859	1.28024	0.399307	0.804329
23.1175	2.43344	2.47269	2.67879	2.16958	0.506226	1.28151	0.399361	0.806084
23.1275	2.43385	2.47462	2.67881	2.17036	0.506416	1.28214	0.399597	0.807045
23.1375	2.43399	2.47522	2.67999	2.17292	0.507446	1.28264	0.400932	0.808075
23.1475	2.4336	2.4718	2.67918	2.17043	0.50663	1.28141	0.400047	0.807365
23.1575	2.43313	2.46942	2.6795	2.17045	0.507065	1.28158	0.399712	0.807861
23.1675	2.43317	2.46841	2.68002	2.1711	0.506844	1.28249	0.400032	0.809624
23.1775	2.43311	2.46922	2.67976	2.16998	0.506416	1.28262	0.399704	0.810074
23.1875	2.43275	2.47034	2.67889	2.16712	0.505669	1.28118	0.39904	0.809677
23.1975	2.43266	2.47236	2.67848	2.16741	0.506088	1.28086	0.399162	0.810112
23.2074	2.43232	2.47362	2.67862	2.16869	0.506653	1.28123	0.399025	0.810616
23.2174	2.43221	2.47134	2.67805	2.16774	0.50666	1.28113	0.398674	0.811119
23.2274	2.43156	2.46769	2.67774	2.16545	0.506142	1.28074	0.397522	0.811348
23.2374	2.43166	2.46554	2.67785	2.16541	0.506027	1.27923	0.397354	0.811508
23.2474	2.43203	2.46628	2.67872	2.16743	0.506874	1.27927	0.397728	0.812164
23.2574	2.4318	2.46735	2.67841	2.16646	0.506706	1.27945	0.397682	0.812813
23.2674	2.43171	2.46997	2.67788	2.16663	0.506615	1.27972	0.397804	0.813698
23.2774	2.43151	2.47207	2.67793	2.16705	0.506798	1.27975	0.397835	0.814034
23.2874	2.43156	2.47271	2.6784	2.17004	0.507645	1.2795	0.3983	0.81472
23.2974	2.43086	2.47103	2.67849	2.16875	0.50695	1.2788	0.397812	0.815155
23.3074	2.43101	2.46893	2.67927	2.16965	0.507339	1.27876	0.39827	0.816254
23.3174	2.43089	2.46759	2.67943	2.16976	0.506912	1.28189	0.398438	0.818893
23.3274	2.43098	2.46899	2.67973	2.17121	0.507103	1.28172	0.398933	0.819267
23.3374	2.43045	2.46965	2.67886	2.16887	0.50695	1.28038	0.398117	0.818642
23.3474	2.42982	2.47218	2.67857	2.16914	0.506912	1.28005	0.398254	0.819237
23.3574	2.42971	2.47343	2.67854	2.16988	0.506416	1.27928	0.39814	0.82
23.3674	2.42901	2.47195	2.67863	2.1694	0.506897	1.27979	0.397781	0.820801
23.3774	2.4288	2.46822	2.67841	2.16725	0.506271	1.27929	0.397224	0.820854
23.3874	2.4285	2.46619	2.67887	2.167	0.505966	1.27782	0.397179	0.820457
23.3974	2.42887	2.46565	2.67937	2.16812	0.506187	1.27789	0.397026	0.820801
23.4074	2.42847	2.46622	2.67864	2.16678	0.505745	1.27616	0.396568	0.820518
23.4174	2.42764	2.46897	2.67834	2.16653	0.505058	1.27454	0.395348	0.819855
23.4274	2.4276	2.47124	2.6783	2.16743	0.505699	1.27515	0.395531	0.820648
23.4374	2.42717	2.47269	2.67888	2.1697	0.505989	1.27425	0.395912	0.820541
23.4474	2.42719	2.47071	2.67877	2.16847	0.505272	1.27269	0.395111	0.820778
23.4574	2.42713	2.46796	2.67892	2.16848	0.505264	1.2725	0.394875	0.821182
23.4674	2.42722	2.46648	2.6794	2.16872	0.504883	1.2729	0.394386	0.821968
23.4774	2.42715	2.4678	2.67984	2.17081	0.50573	1.2733	0.394455	0.822441
23.4874	2.42713	2.46897	2.67952	2.16943	0.505806	1.27296	0.393944	0.822289
23.4974	2.42683	2.47116	2.67888	2.16952	0.50576	1.27122	0.394051	0.822159
23.5074	2.4267	2.47312	2.67901	2.1699	0.505974	1.27082	0.394066	0.822006
23.5174	2.42738	2.47231	2.67981	2.1706	0.507133	1.27221	0.394951	0.823402
23.5274	2.42653	2.46975	2.67997	2.16846	0.506752	1.27205	0.394493	0.823647
23.5374	2.42683	2.46732	2.68023	2.16872	0.506966	1.27226	0.394547	0.823853
23.5474	2.42642	2.46638	2.68052	2.16979	0.50737	1.27251	0.394966	0.824364
23.5574	2.426	2.46729	2.68061	2.16949	0.507935	1.27221	0.395203	0.82531
23.5674	2.42548	2.46802	2.67938	2.16647	0.507553	1.27422	0.39473	0.827248
23.5774	2.42503	2.47044	2.67912	2.16669	0.507713	1.27462	0.394829	0.827881
23.5874	2.42506	2.47159	2.67934	2.16872	0.508278	1.2734	0.39547	0.828072
23.5974	2.42478	2.47073	2.67994	2.16846	0.508545	1.27335	0.395432	0.829193
23.6074	2.42467	2.46772	2.67982	2.16893	0.506958	1.27313	0.393707	0.829323
23.6174	2.42439	2.4658	2.6798	2.16906	0.50708	1.2754	0.394051	0.831779
23.6274	2.42447	2.46577	2.68019	2.17054	0.507179	1.27559	0.394096	0.831985
23.6374	2.42427	2.46692	2.6801	2.16963	0.507118	1.2735	0.393761	0.831406
23.6474	2.42403	2.46973	2.67979	2.16987	0.507332	1.27315	0.393639	0.831505
23.6574	2.42401	2.47169	2.67949	2.1702	0.506943	1.27176	0.393211	0.831535
23.6674	2.42379	2.47268	2.68018	2.173	0.507484	1.27501	0.393814	0.834015
23.6774	2.42371	2.47036	2.68016	2.17152	0.506943	1.27393	0.393646	0.833817
23.6874	2.42336	2.4679	2.68034	2.17103	0.506256	1.27273	0.393143	0.833534
23.6974	2.42367	2.46638	2.68045	2.17142	0.506332	1.27182	0.39283	0.832886
23.7074	2.42355	2.46724	2.68089	2.17113	0.508125	1.27374	0.394478	0.835373
23.7174	2.42262	2.46806	2.68002	2.16839	0.507233	1.27509	0.393578	0.83651
23.7274	2.42258	2.47057	2.67948	2.16912	0.507729	1.27486	0.393784	0.836655
23.7374	2.42186	2.47188	2.67937	2.16977	0.507614	1.2741	0.393776	0.836273
23.7474	2.42182	2.4704	2.67933	2.16911	0.507248	1.27266	0.393227	0.835571
23.7574	2.42119	2.46687	2.67946	2.16618	0.506615	1.27086	0.392258	0.834038
23.7674	2.42133	2.46455	2.67976	2.16624	0.506363	1.2684	0.392517	0.833351
23.7774	2.42107	2.46436	2.68011	2.16765	0.506561	1.27026	0.392258	0.835129
23.7874	2.42052	2.46489	2.6796	2.16695	0.506699	1.26802	0.391983	0.834099
23.7974	2.41957	2.46668	2.67855	2.16514	0.505066	1.26681	0.390228	0.833702
23.8074	2.4193	2.46892	2.67837	2.16541	0.50486	1.26651	0.390388	0.834122
23.8174	2.41945	2.47003	2.67863	2.16829	0.505707	1.26752	0.391441	0.835846
23.8274	2.41891	2.46828	2.67856	2.1673	0.505203	1.26772	0.3909	0.836433
23.8374	2.41882	2.46559	2.67885	2.16808	0.505272	1.26628	0.390831	0.836357
23.8474	2.4183	2.46359	2.67891	2.16833	0.50531	1.26611	0.390968	0.837029
23.8573	2.41823	2.4649	2.67913	2.17132	0.505951	1.26694	0.392136	0.838608
23.8673	2.41782	2.46581	2.67857	2.16991	0.50618	1.27074	0.391693	0.841148
23.8773	2.41756	2.46841	2.67816	2.17015	0.506447	1.26983	0.391945	0.84037
23.8873	2.41785	2.47002	2.67812	2.17097	0.506844	1.26864	0.392128	0.839714
23.8973	2.41787	2.46993	2.67886	2.17245	0.507996	1.26926	0.393631	0.840446
23.9073	2.41746	2.46639	2.67837	2.17006	0.507431	1.26546	0.392563	0.838867
23.9173	2.41727	2.4637	2.67857	2.16967	0.507385	1.26626	0.39193	0.83947
23.9273	2.41745	2.46306	2.67915	2.17042	0.50753	1.26643	0.392265	0.839836
23.9373	2.41724	2.46381	2.67896	2.16933	0.507301	1.26605	0.392082	0.839401
23.9473	2.41679	2.46531	2.67841	2.16658	0.50705	1.26485	0.391228	0.839203
23.9573	2.41678	2.46711	2.67788	2.16666	0.507072	1.26629	0.391045	0.840607
23.9673	2.41652	2.46895	2.67853	2.16814	0.507164	1.26283	0.390816	0.839104
23.9773	2.41663	2.46703	2.67826	2.16708	0.50679	1.26579	0.390709	0.841095
23.9873	2.41572	2.46347	2.67815	2.16479	0.505531	1.26578	0.38958	0.841774
23.9973	2.41569	2.46133	2.67818	2.16492	0.505829	1.26445	0.38974	0.841797
24.0073	2.41563	2.462	2.67863	2.16702	0.506355	1.26759	0.390579	0.844376
24.0173	2.41506	2.46358	2.67872	2.16613	0.505852	1.26735	0.390198	0.844604
24.0273	2.41494	2.46613	2.67808	2.16633	0.505989	1.26937	0.390106	0.846077
24.0373	2.41479	2.46799	2.67775	2.16666	0.506142	1.26794	0.3899	0.846046
24.0473	2.41499	2.4689	2.67838	2.16968	0.50663	1.26741	0.390587	0.845978
24.0573	2.41429	2.46732	2.67844	2.16851	0.506401	1.26717	0.390221	0.846474
24.0673	2.41395	2.46423	2.67875	2.1689	0.506493	1.27094	0.390602	0.849396
24.0773	2.41348	2.46298	2.67892	2.1692	0.506615	1.27007	0.390411	0.849129
24.0873	2.41357	2.46474	2.67928	2.17117	0.507835	1.27066	0.391487	0.84948
24.0973	2.4132	2.46517	2.67867	2.16928	0.507812	1.26988	0.390953	0.848984
24.1073	2.41308	2.46836	2.67894	2.16972	0.508018	1.26799	0.390816	0.848045
24.1173	2.41378	2.46964	2.67868	2.17066	0.508194	1.26617	0.390915	0.847244
24.1273	2.41338	2.46852	2.67904	2.17049	0.508438	1.26858	0.391167	0.848999
24.1373	2.41346	2.46539	2.67906	2.16811	0.508057	1.26898	0.390732	0.848839
24.1473	2.41322	2.46299	2.67953	2.16812	0.508087	1.26752	0.391045	0.848976
24.1573	2.41352	2.46244	2.68016	2.16945	0.50856	1.26627	0.391235	0.848671
24.1673	2.41359	2.46315	2.6796	2.16859	0.508354	1.26382	0.391144	0.847687
24.1773	2.41309	2.46423	2.67915	2.16656	0.508011	1.25986	0.390411	0.845299
24.1873	2.41302	2.46618	2.67888	2.16695	0.508064	1.2571	0.389893	0.844299
24.1973	2.41276	2.46802	2.67934	2.16908	0.50808	1.25711	0.389984	0.845139
24.2073	2.41244	2.4658	2.67893	2.1682	0.50782	1.25807	0.389694	0.846764
24.2173	2.41109	2.46191	2.67871	2.16687	0.507027	1.25979	0.38858	0.848404
24.2273	2.41084	2.45971	2.67863	2.16682	0.506844	1.25884	0.388313	0.847916
24.2373	2.41038	2.4604	2.67873	2.16891	0.507309	1.25652	0.388847	0.847389
24.2473	2.40993	2.46152	2.67822	2.16771	0.507263	1.25617	0.388504	0.847351
24.2573	2.40946	2.46438	2.67735	2.16782	0.507088	1.25527	0.388092	0.846863
24.2673	2.40931	2.46626	2.67699	2.16819	0.507088	1.25812	0.388008	0.848923
24.2773	2.40979	2.46723	2.67773	2.17104	0.508179	1.2655	0.389122	0.85392
24.2873	2.40945	2.4657	2.67807	2.17012	0.508163	1.26669	0.389145	0.854042
24.2973	2.40968	2.46319	2.67874	2.17059	0.508598	1.26543	0.389725	0.854149
24.3073	2.40977	2.46222	2.67912	2.171	0.508415	1.26376	0.389481	0.853043
24.3173	2.4101	2.46413	2.67976	2.17231	0.509689	1.2655	0.390747	0.854851
24.3273	2.4099	2.4653	2.67941	2.17043	0.509354	1.2674	0.39019	0.856026
24.3373	2.40968	2.46814	2.67951	2.17097	0.509407	1.26683	0.390045	0.855316
24.3473	2.4098	2.46928	2.67929	2.17188	0.50943	1.26682	0.389763	0.85556
24.3573	2.40979	2.46797	2.67982	2.17143	0.509415	1.26749	0.390205	0.856972
24.3673	2.40957	2.46432	2.67969	2.16901	0.509285	1.26563	0.389427	0.855804
24.3773	2.4091	2.46178	2.6796	2.16854	0.508926	1.26791	0.388939	0.85714
24.3873	2.40916	2.46115	2.67979	2.16927	0.508743	1.26481	0.388832	0.855728
24.3973	2.40881	2.46198	2.67946	2.16839	0.508598	1.26507	0.388657	0.855598
24.4073	2.40784	2.46325	2.67842	2.16629	0.507729	1.26491	0.387718	0.855804
24.4173	2.40796	2.46522	2.67787	2.16639	0.507614	1.26579	0.387657	0.856529
24.4273	2.40741	2.46638	2.67812	2.16825	0.508347	1.26604	0.388069	0.856926
24.4373	2.40752	2.46463	2.67821	2.16771	0.508743	1.2653	0.387863	0.857185
24.4473	2.40699	2.46182	2.67867	2.16744	0.507507	1.26336	0.386734	0.855858
24.4573	2.40693	2.45984	2.67887	2.16769	0.507935	1.2642	0.38649	0.857178
24.4673	2.40662	2.46143	2.67965	2.17023	0.508606	1.26753	0.387123	0.860329
24.4773	2.40627	2.46283	2.67968	2.16929	0.508476	1.26702	0.387146	0.860512
24.4873	2.40596	2.46526	2.67917	2.16963	0.508926	1.26714	0.387299	0.860878
24.4973	2.40571	2.46696	2.67876	2.16961	0.508636	1.26516	0.386642	0.859932
24.5072	2.40612	2.46722	2.67945	2.17194	0.509514	1.26656	0.387817	0.861435
24.5172	2.40537	2.46543	2.67968	2.17092	0.509323	1.26637	0.387573	0.861931
24.5272	2.40562	2.46283	2.6797	2.17113	0.508881	1.26838	0.387596	0.863762
24.5372	2.4052	2.46158	2.67981	2.17125	0.508446	1.2674	0.387604	0.863289
24.5472	2.40523	2.46275	2.67981	2.17141	0.509819	1.26768	0.388893	0.863945
24.5572	2.40482	2.46352	2.67911	2.16913	0.508995	1.2653	0.388184	0.862251
24.5672	2.4045	2.46584	2.67875	2.16931	0.508827	1.26572	0.388	0.862717
24.5772	2.40463	2.46736	2.67872	2.17068	0.509163	1.26866	0.388123	0.864571
24.5872	2.40437	2.46628	2.67896	2.17034	0.508759	1.26789	0.388031	0.8647
24.5972	2.40405	2.46281	2.67892	2.16833	0.508591	1.26627	0.387718	0.863937
24.6072	2.40371	2.46064	2.67911	2.16809	0.508469	1.26655	0.387314	0.864456
24.6172	2.40375	2.45983	2.67927	2.16898	0.508652	1.26721	0.387253	0.864868
24.6272	2.40363	2.46089	2.67947	2.16832	0.509094	1.26945	0.387184	0.866028
24.6372	2.40305	2.46236	2.67837	2.1657	0.508087	1.26857	0.386101	0.86528
24.6472	2.403	2.46447	2.67814	2.1663	0.508003	1.26719	0.386253	0.864883
24.6572	2.40266	2.4659	2.67847	2.16849	0.50853	1.2692	0.386719	0.866959
24.6672	2.40286	2.46455	2.6785	2.16807	0.508446	1.27014	0.38694	0.867645
24.6772	2.40201	2.46048	2.67811	2.16559	0.507271	1.27031	0.385674	0.867798
24.6872	2.40208	2.45877	2.67854	2.16627	0.507607	1.27029	0.385857	0.867661
24.6972	2.40203	2.45975	2.67886	2.16872	0.50824	1.26953	0.386467	0.867958
24.7072	2.40173	2.46069	2.67868	2.16781	0.508194	1.26818	0.386345	0.867348
24.7172	2.40153	2.46339	2.67824	2.16825	0.508224	1.26921	0.386673	0.868362
24.7272	2.40102	2.46528	2.67792	2.16844	0.507935	1.2709	0.38665	0.870041
24.7372	2.4015	2.46582	2.67894	2.17126	0.508881	1.27029	0.387451	0.870316
24.7472	2.40136	2.46437	2.67914	2.17052	0.50914	1.26897	0.387093	0.870033
24.7572	2.4013	2.46169	2.67937	2.17083	0.509117	1.2683	0.38707	0.869316
24.7672	2.40107	2.46031	2.67975	2.17129	0.509361	1.26611	0.387115	0.868454
24.7772	2.40132	2.46229	2.68033	2.1736	0.510765	1.27206	0.389	0.873177
24.7872	2.40108	2.46306	2.67982	2.17171	0.510437	1.27049	0.388512	0.87294
24.7972	2.40087	2.46593	2.6796	2.17182	0.510109	1.26965	0.388474	0.872292
24.8072	2.4009	2.46745	2.67932	2.17287	0.510437	1.26937	0.388557	0.873154
24.8172	2.40039	2.46661	2.67996	2.17244	0.51004	1.26671	0.388252	0.871788
24.8272	2.40044	2.46369	2.67996	2.17103	0.510231	1.27187	0.388176	0.875122
24.8372	2.40015	2.46175	2.6804	2.17173	0.510986	1.27184	0.388268	0.874878
24.8532	2.40006	2.46309	2.67997	2.17237	0.510651	1.23527	0.387535	0.850616
24.8642	2.39986	2.46572	2.67926	2.17179	0.509758	1.22145	0.387024	0.842079
24.8672	2.39908	2.46651	2.67839	2.16904	0.508904	1.22242	0.386055	0.842674
24.8772	2.39917	2.46874	2.67798	2.16895	0.508537	1.22362	0.385834	0.843498
24.8872	2.39869	2.47068	2.67809	2.17062	0.508919	1.22333	0.386024	0.84304
24.8972	2.3983	2.46895	2.67793	2.17009	0.508682	1.22237	0.385826	0.842384
24.9072	2.39754	2.46613	2.67802	2.16767	0.508224	1.22269	0.385605	0.842735
24.9172	2.39763	2.46413	2.6781	2.16822	0.508812	1.22315	0.385956	0.843414
24.9272	2.39733	2.46437	2.67841	2.1697	0.508949	1.22594	0.386124	0.845406
24.9372	2.39684	2.46495	2.67797	2.1684	0.507973	1.22489	0.385925	0.84494
24.9472	2.39628	2.46361	2.67745	2.1657	0.507286	1.25837	0.385704	0.867477
24.9572	2.39612	2.4641	2.6778	2.16579	0.507896	1.27235	0.386261	0.877029
24.9672	2.39627	2.46523	2.6782	2.16841	0.5084	1.27182	0.386848	0.876625
24.9772	2.3955	2.464	2.67846	2.16811	0.508797	1.27499	0.386864	0.879173
24.9872	2.39507	2.46056	2.67861	2.16795	0.507545	1.27299	0.385452	0.877846
24.9972	2.39503	2.45929	2.67915	2.16827	0.507896	1.27149	0.385422	0.877136
25.0072	2.39545	2.4603	2.6797	2.17064	0.508331	1.27154	0.38549	0.876961
