17.2834	2.3761	2.49924	2.6712	2.13646	0.467987	0.904312	0.451584	0.380325
18.2942	2.36176	2.50282	2.67715	2.14523	0.476303	1.28235	0.45639	0.474014
18.3042	2.36328	2.51221	2.68555	2.1698	0.488205	1.65291	0.461349	0.567322
18.3142	2.3629	2.52197	2.68684	2.17514	0.494156	1.55632	0.468674	0.549011
18.3242	2.35825	2.49954	2.67326	2.14386	0.480881	1.29066	0.458832	0.475998
18.3342	2.36351	2.5119	2.69028	2.17194	0.480881	0.951233	0.465698	0.402527
18.3442	2.3629	2.52258	2.68852	2.17522	0.484543	1.28922	0.467377	0.481033
18.3542	2.35741	2.50053	2.67456	2.14348	0.48317	1.64619	0.454788	0.562439
18.3642	2.36328	2.5145	2.68951	2.17224	0.493546	1.55289	0.465622	0.542526
18.3742	2.36397	2.52098	2.68585	2.17415	0.490417	1.29768	0.472794	0.484924
18.3842	2.35535	2.50565	2.67792	2.14684	0.474091	0.950089	0.459824	0.396194
18.3942	2.35878	2.51259	2.68806	2.17178	0.48172	1.28654	0.463486	0.480499
18.4042	2.3632	2.52472	2.68913	2.17674	0.491791	1.65352	0.464096	0.567703
18.4142	2.35596	2.51335	2.68326	2.16423	0.490646	1.5538	0.46669	0.543442
18.4242	2.35901	2.51526	2.68875	2.1743	0.493469	1.29341	0.474014	0.484619
18.4342	2.3555	2.51656	2.68044	2.1627	0.461349	0.934982	0.446548	0.385361
18.4442	2.35527	2.51892	2.68631	2.17239	0.484085	1.29128	0.464783	0.479355
18.4542	2.35703	2.51495	2.68791	2.17216	0.490952	1.65344	0.462875	0.5616
18.4642	2.36076	2.51373	2.68646	2.16324	0.492935	1.55342	0.462418	0.535431
18.4742	2.3558	2.51839	2.68234	2.1743	0.493011	1.29555	0.472183	0.479507
18.4842	2.35184	2.5029	2.67677	2.15439	0.463867	0.944443	0.451889	0.388794
18.4942	2.36061	2.51579	2.68936	2.17377	0.482788	1.29066	0.46608	0.478058
18.5042	2.35603	2.52548	2.6889	2.17361	0.486984	1.65306	0.461502	0.56282
18.5142	2.35397	2.5177	2.68539	2.16759	0.491257	1.55106	0.467529	0.537567
18.5242	2.35359	2.51167	2.68555	2.16904	0.488052	1.29135	0.470276	0.475769
18.5342	2.35107	2.51007	2.6812	2.15607	0.47493	0.945435	0.463028	0.392838
18.5442	2.35352	2.51816	2.68509	2.17239	0.48172	1.2896	0.462952	0.477295
18.5542	2.35283	2.50168	2.67715	2.14325	0.484924	1.64505	0.45639	0.555267
18.5642	2.35504	2.51595	2.68906	2.17331	0.494537	1.55106	0.469666	0.539627
18.5742	2.35268	2.52365	2.6812	2.16949	0.479126	1.28014	0.455933	0.467072
18.5842	2.35062	2.51762	2.68326	2.17003	0.475388	0.951843	0.464172	0.395889
18.5942	2.35176	2.51076	2.68494	2.17476	0.483246	1.28845	0.464554	0.477066
18.6042	2.35306	2.51373	2.68608	2.17026	0.488892	1.65627	0.461044	0.559769
18.6142	2.35222	2.52136	2.68753	2.17415	0.494614	1.5554	0.470047	0.539322
18.6241	2.35184	2.51915	2.68417	2.16942	0.489807	1.28746	0.470428	0.472031
18.6341	2.35458	2.51175	2.68463	2.16942	0.477448	0.958786	0.465775	0.396881
18.6441	2.35191	2.51366	2.687	2.16957	0.485535	1.29723	0.469589	0.476456
18.6541	2.35191	2.52167	2.68539	2.1701	0.488434	1.65497	0.464478	0.557175
18.6641	2.35222	2.51579	2.68196	2.16637	0.490799	1.54961	0.465927	0.531845
18.6741	2.34932	2.51137	2.68532	2.1714	0.491486	1.2867	0.474701	0.47348
18.6841	2.35161	2.51358	2.68501	2.16751	0.477219	0.951233	0.465698	0.393982
18.6941	2.35062	2.51862	2.6841	2.17033	0.480118	1.2944	0.464935	0.47142
18.7041	2.35008	2.5235	2.68692	2.17064	0.489349	1.65306	0.463257	0.552063
18.7141	2.34901	2.51221	2.68684	2.17354	0.494461	1.54945	0.467072	0.53093
18.7241	2.34703	2.51083	2.68272	2.1656	0.488586	1.28151	0.472946	0.469437
18.7341	2.34756	2.52296	2.68585	2.17201	0.475616	0.954437	0.463486	0.390472
18.7441	2.34413	2.519	2.68631	2.17072	0.483627	1.29646	0.465851	0.471802
18.7541	2.34169	2.50389	2.67723	2.15263	0.47554	1.6507	0.452576	0.543365
18.7641	2.34467	2.51175	2.68814	2.17247	0.492706	1.55731	0.469055	0.533066
18.7741	2.34375	2.51228	2.68028	2.14386	0.48584	1.27403	0.466919	0.463486
18.7841	2.34215	2.51907	2.68372	2.17079	0.478973	0.959396	0.466156	0.391388
18.7941	2.34261	2.51328	2.67975	2.15683	0.48027	1.29829	0.462952	0.467072
18.8041	2.34116	2.51732	2.6889	2.17178	0.490036	1.65833	0.463409	0.5513
18.8141	2.34467	2.51595	2.68814	2.16972	0.493469	1.55151	0.472031	0.529861
18.8241	2.34337	2.52472	2.68906	2.17361	0.491638	1.28128	0.474014	0.469055
18.8341	2.34055	2.51915	2.6841	2.16904	0.47699	0.958862	0.468216	0.393524
18.8441	2.3439	2.51465	2.68921	2.17758	0.483627	1.30424	0.444794	0.460663
18.8541	2.33871	2.51389	2.6841	2.16637	0.485764	1.65726	0.461502	0.54924
18.8641	2.33994	2.51167	2.67921	2.15065	0.486908	1.54633	0.466385	0.520706
18.8741	2.33795	2.52083	2.68402	2.17018	0.491486	1.27769	0.469742	0.460739
18.8841	2.3378	2.51846	2.68234	2.16484	0.478897	0.954971	0.466003	0.387268
18.8941	2.33719	2.51106	2.68417	2.17064	0.481339	1.30272	0.4673	0.46608
18.9041	2.33452	2.51671	2.68776	2.17201	0.490417	1.66222	0.467834	0.551071
18.9141	2.33711	2.51297	2.67914	2.14317	0.487747	1.54427	0.462341	0.517197
18.9241	2.33109	2.51938	2.68501	2.17117	0.491104	1.27625	0.47081	0.458908
18.9341	2.33513	2.51884	2.68188	2.15912	0.472794	0.954895	0.463562	0.385437
18.9441	2.33551	2.51129	2.68532	2.16835	0.480957	1.29807	0.464859	0.463486
18.9541	2.33246	2.51724	2.68616	2.16675	0.485382	1.65939	0.459595	0.542221
18.9641	2.33299	2.51404	2.67868	2.1447	0.484314	1.54182	0.464706	0.515213
18.9741	2.32826	2.52251	2.68715	2.17331	0.492706	1.27472	0.47493	0.459518
18.9841	2.32758	2.5161	2.68166	2.1627	0.476456	0.959473	0.467453	0.387421
18.9941	2.33192	2.51259	2.68433	2.1711	0.477829	1.30486	0.467834	0.464935
19.0041	2.332	2.51747	2.68837	2.17072	0.490112	1.66168	0.464554	0.539169
19.0141	2.33269	2.51488	2.68036	2.14897	0.490112	1.54968	0.4673	0.5159
19.0241	2.33017	2.52228	2.68433	2.16866	0.489044	1.27335	0.472565	0.455093
19.0341	2.32841	2.51999	2.68372	2.16499	0.473022	0.957031	0.467148	0.386734
19.0441	2.33101	2.51358	2.68456	2.1701	0.483093	1.30402	0.465775	0.459137
19.0541	2.32811	2.51846	2.68845	2.16927	0.4879	1.66306	0.465088	0.532227
19.0641	2.32803	2.51762	2.68715	2.16507	0.492935	1.54602	0.471573	0.512314
19.0741	2.32544	2.52243	2.6857	2.17056	0.488663	1.2677	0.474091	0.452347
19.0841	2.32376	2.52327	2.68707	2.17117	0.477371	0.965805	0.470276	0.388107
19.0941	2.32483	2.50954	2.67815	2.14661	0.478973	1.30424	0.463943	0.454941
19.1041	2.32033	2.51434	2.68349	2.16766	0.487366	1.66267	0.465164	0.533371
19.1141	2.32269	2.51503	2.68684	2.16858	0.492325	1.54694	0.47348	0.511475
19.1241	2.31781	2.51083	2.67372	2.145	0.478287	1.25885	0.463638	0.440369
19.1341	2.31926	2.5219	2.68349	2.16888	0.473633	0.9655	0.468445	0.384598
19.1441	2.3217	2.51953	2.68456	2.16766	0.483322	1.30798	0.467758	0.458221
19.1541	2.31972	2.51587	2.68463	2.1711	0.490036	1.66397	0.467529	0.518799
19.1641	2.31743	2.51694	2.68684	2.16698	0.488205	1.53923	0.468216	0.504761
19.1741	2.31995	2.51465	2.68234	2.16316	0.488281	1.26678	0.474701	0.447464
19.1841	2.31918	2.52594	2.68616	2.17094	0.476456	0.965805	0.470505	0.383606
19.1941	2.3201	2.52434	2.68723	2.17117	0.480957	1.31065	0.469513	0.454712
19.2041	2.31804	2.52159	2.68234	2.16362	0.489044	1.65565	0.466995	0.528259
19.2141	2.31926	2.51434	2.68272	2.16797	0.491104	1.54327	0.47081	0.502319
19.2241	2.314	2.51526	2.68471	2.16858	0.489426	1.25839	0.474548	0.44014
19.2341	2.31789	2.51457	2.68158	2.16202	0.473785	0.964127	0.46814	0.380096
19.2441	2.31361	2.52419	2.6889	2.1714	0.483398	1.30714	0.47142	0.45105
19.2541	2.31712	2.52602	2.68631	2.17117	0.491104	1.66359	0.471802	0.526733
19.2641	2.31644	2.52052	2.68356	2.16362	0.490494	1.54343	0.472031	0.498199
19.274	2.31262	2.51633	2.68806	2.17339	0.491867	1.25908	0.482101	0.443497
19.284	2.31232	2.51808	2.68654	2.16812	0.476608	0.972824	0.474167	0.386047
19.294	2.31163	2.51373	2.68227	2.16362	0.480194	1.31187	0.468445	0.44838
19.304	2.30736	2.51289	2.67525	2.14371	0.480881	1.64841	0.458298	0.511703
19.314	2.30949	2.52335	2.68456	2.16965	0.493851	1.54327	0.474625	0.495987
19.324	2.30911	2.52342	2.68394	2.16705	0.486603	1.25343	0.478287	0.43869
19.334	2.30591	2.50595	2.67387	2.14058	0.471115	0.96489	0.464554	0.372009
19.344	2.30644	2.51724	2.68616	2.16896	0.484619	1.31462	0.473175	0.447083
19.354	2.30881	2.52045	2.68715	2.1701	0.490494	1.66443	0.46814	0.514908
19.364	2.30545	2.51564	2.68173	2.15179	0.489655	1.53946	0.469818	0.488052
19.374	2.30667	2.52556	2.68562	2.16965	0.488129	1.25175	0.480576	0.434875
19.384	2.30469	2.52426	2.68379	2.16789	0.47493	0.972824	0.474243	0.376892
19.394	2.30209	2.51785	2.68059	2.16003	0.478287	1.30905	0.467834	0.442505
19.404	2.304	2.51923	2.6844	2.1666	0.485229	1.65321	0.467453	0.507812
19.414	2.30309	2.51648	2.68394	2.16629	0.492096	1.54152	0.473709	0.486298
19.424	2.30453	2.5209	2.6873	2.16873	0.490799	1.24641	0.48172	0.429764
19.434	2.29782	2.51564	2.67708	2.14401	0.470276	0.966263	0.468597	0.372467
19.444	2.29897	2.52747	2.68837	2.17026	0.48027	1.31691	0.473404	0.440979
19.454	2.30057	2.52411	2.68288	2.16751	0.48912	1.65794	0.469971	0.50827
19.464	2.29691	2.5164	2.67838	2.15553	0.491028	1.54182	0.472412	0.483704
19.474	2.29607	2.51801	2.68402	2.16812	0.488205	1.24664	0.480042	0.426712
19.484	2.295	2.51968	2.68692	2.17026	0.478592	0.968552	0.472488	0.371552
19.494	2.29897	2.51808	2.68234	2.16164	0.4776	1.31714	0.468826	0.434036
19.504	2.29004	2.5164	2.67616	2.1463	0.480576	1.65253	0.458221	0.497055
19.514	2.29263	2.52808	2.687	2.16782	0.491333	1.54564	0.477829	0.481873
19.524	2.29156	2.52327	2.68318	2.16721	0.487061	1.23383	0.478897	0.419693
19.534	2.29164	2.5193	2.67967	2.15683	0.475311	0.968323	0.470734	0.36911
19.544	2.29095	2.51701	2.68471	2.16988	0.484772	1.32217	0.47287	0.432892
19.554	2.28752	2.5174	2.68326	2.16591	0.487289	1.66237	0.47287	0.49881
19.564	2.29111	2.52205	2.68646	2.16698	0.490875	1.53717	0.480423	0.474319
19.574	2.28455	2.51488	2.67609	2.14073	0.485001	1.23566	0.472946	0.412979
19.584	2.28546	2.52769	2.68517	2.16911	0.473709	0.96962	0.478745	0.368271
19.594	2.28523	2.52548	2.6828	2.16705	0.481644	1.31737	0.474014	0.428085
19.604	2.28615	2.52235	2.67845	2.15919	0.485077	1.66084	0.468369	0.488358
19.614	2.28821	2.51694	2.68219	2.16713	0.478287	1.52855	0.464478	0.46196
19.624	2.28241	2.51999	2.68372	2.16537	0.484619	1.2381	0.481796	0.416565
19.634	2.28561	2.52235	2.686	2.16888	0.477753	0.97641	0.481644	0.372162
19.644	2.28195	2.51961	2.6825	2.15675	0.480804	1.32477	0.473862	0.426865
19.654	2.28233	2.53281	2.68623	2.17102	0.487518	1.66084	0.474319	0.491333
19.664	2.27867	2.52792	2.68265	2.16759	0.49118	1.53389	0.479507	0.465546
19.674	2.28226	2.52876	2.68578	2.16805	0.490799	1.2381	0.483627	0.411148
19.684	2.27959	2.5174	2.67723	2.14752	0.471191	0.970993	0.475388	0.363541
19.694	2.27585	2.5193	2.68349	2.16667	0.478592	1.31775	0.47081	0.419388
19.704	2.27928	2.52129	2.68402	2.16713	0.489197	1.66824	0.473251	0.480042
19.714	2.27737	2.52144	2.68333	2.16698	0.488129	1.53038	0.480804	0.458984
19.724	2.27547	2.52151	2.68066	2.15057	0.486984	1.23497	0.478668	0.4039
19.734	2.27348	2.53136	2.68585	2.16988	0.47821	0.974655	0.482941	0.36438
19.744	2.27226	2.52686	2.68326	2.16805	0.481415	1.32866	0.476837	0.420303
19.754	2.27318	2.52785	2.68135	2.16095	0.485229	1.66168	0.47226	0.472794
19.764	2.26784	2.51312	2.67372	2.13898	0.485229	1.55869	0.475388	0.455322
19.774	2.27005	2.51991	2.68311	2.16766	0.48584	1.19812	0.484161	0.397339
19.784	2.2699	2.52449	2.68654	2.16599	0.473633	0.95932	0.478058	0.355453
19.794	2.26967	2.5193	2.6799	2.16202	0.476227	1.33316	0.473328	0.417023
19.804	2.26555	2.52129	2.67578	2.14478	0.481033	1.61804	0.4673	0.461502
19.814	2.2686	2.53319	2.68585	2.17026	0.495071	1.57013	0.481873	0.457077
19.824	2.26898	2.52708	2.68372	2.16721	0.48439	1.17203	0.485077	0.390701
19.834	2.26624	2.52464	2.67868	2.16064	0.474243	0.947113	0.476532	0.351105
19.844	2.26212	2.51038	2.67113	2.13905	0.474167	1.32706	0.470123	0.408707
19.854	2.26036	2.5222	2.6812	2.16362	0.488052	1.61499	0.474701	0.455017
19.864	2.26311	2.5238	2.68555	2.1666	0.493393	1.57188	0.485077	0.450439
19.874	2.25868	2.52235	2.68166	2.16202	0.484009	1.16112	0.482941	0.381317
19.884	2.25861	2.52403	2.67883	2.14424	0.470047	0.947723	0.475998	0.350494
19.894	2.25777	2.53174	2.68372	2.16812	0.480042	1.33194	0.481415	0.412445
19.904	2.25784	2.53311	2.68265	2.16537	0.484772	1.60889	0.4776	0.452576
19.914	2.25784	2.53067	2.68394	2.16248	0.491104	1.56342	0.483093	0.444031
19.924	2.25151	2.51396	2.67365	2.14096	0.478745	1.15082	0.478134	0.373688
19.9339	2.25693	2.5248	2.68356	2.16568	0.473099	0.946732	0.485153	0.34874
19.9439	2.25121	2.52159	2.68181	2.16621	0.48172	1.33469	0.481415	0.40184
19.9539	2.25342	2.52464	2.6825	2.16484	0.484924	1.60652	0.475388	0.446854
19.9639	2.25052	2.52365	2.67769	2.14645	0.488739	1.55846	0.477524	0.43251
19.9739	2.25021	2.53197	2.68272	2.16476	0.482712	1.14624	0.485458	0.372849
19.9839	2.25006	2.53685	2.68402	2.16919	0.478973	0.949554	0.48645	0.349655
19.9939	2.25037	2.53143	2.68295	2.16713	0.480576	1.3298	0.484924	0.401001
20.0039	2.24991	2.52625	2.67876	2.15256	0.488586	1.633	0.477295	0.440369
20.0139	2.24655	2.52739	2.68562	2.16972	0.493622	1.55373	0.490036	0.434647
20.0239	2.24792	2.52556	2.6828	2.16751	0.487595	1.15028	0.493011	0.374069
20.0339	2.24495	2.52426	2.68044	2.1627	0.471115	0.949326	0.482941	0.341492
20.0439	2.24548	2.52457	2.6796	2.15973	0.480042	1.32973	0.483475	0.396194
20.0539	2.24167	2.53586	2.68326	2.16873	0.488205	1.60751	0.483093	0.436554
20.0639	2.24037	2.53738	2.68501	2.16873	0.492859	1.53061	0.490494	0.426865
20.0739	2.24068	2.53304	2.68059	2.16415	0.484619	1.17859	0.488892	0.371552
20.0839	2.23854	2.53319	2.67967	2.15912	0.47821	0.96611	0.487747	0.343018
20.0939	2.2364	2.51579	2.67029	2.13898	0.471497	1.31134	0.476379	0.38414
20.1039	2.23137	2.52884	2.6828	2.16301	0.485687	1.62651	0.479813	0.429993
20.1139	2.24197	2.53075	2.68463	2.16705	0.491104	1.54564	0.492706	0.426331
20.1239	2.23236	2.52609	2.68188	2.16263	0.487442	1.16745	0.492096	0.367279
20.1339	2.23358	2.52991	2.67868	2.15256	0.474472	0.966644	0.486221	0.339127
20.1439	2.23076	2.53716	2.68387	2.16988	0.48172	1.32401	0.486526	0.39032
20.1539	2.23099	2.53883	2.6815	2.16385	0.485306	1.63666	0.480957	0.426865
20.1639	2.23221	2.53479	2.68211	2.16545	0.489197	1.51085	0.490952	0.410767
20.1739	2.2258	2.52831	2.67769	2.15385	0.484924	1.18118	0.491486	0.363083
20.1839	2.23083	2.53181	2.68356	2.16805	0.475464	0.968857	0.49469	0.342712
20.1939	2.22412	2.52518	2.68089	2.16347	0.480652	1.31798	0.486755	0.383224
20.2039	2.22763	2.53532	2.68555	2.16881	0.491104	1.63979	0.486755	0.424347
20.2139	2.22244	2.52876	2.68105	2.16003	0.490723	1.50986	0.490341	0.404358
20.2239	2.22061	2.52602	2.67273	2.14066	0.481033	1.1821	0.49057	0.363312
20.2339	2.22321	2.54066	2.68379	2.16736	0.47821	0.97023	0.491257	0.337296
20.2439	2.22168	2.53731	2.68303	2.16911	0.485001	1.3221	0.490952	0.378113
20.2539	2.22397	2.53906	2.6828	2.16354	0.49118	1.64597	0.484695	0.417099
20.2639	2.21458	2.52853	2.67601	2.14699	0.488129	1.50497	0.491638	0.398712
20.2739	2.21619	2.53098	2.68471	2.16911	0.489655	1.19293	0.500641	0.364761
20.2839	2.21382	2.53357	2.68318	2.16393	0.473557	0.967102	0.493774	0.337219
20.2939	2.21733	2.5293	2.67876	2.1611	0.4776	1.31615	0.484924	0.371094
20.3159	2.21703	2.53433	2.68196	2.1666	0.474625	0.860291	0.494766	0.321884
20.3169	2.21634	2.53365	2.67952	2.16553	0.471802	0.913467	0.493317	0.329132
20.3239	2.21214	2.54112	2.68158	2.16675	0.486603	1.18614	0.494766	0.357208
20.3339	2.21031	2.54349	2.68295	2.16064	0.474548	0.966415	0.490875	0.331116
20.3439	2.21176	2.53723	2.67982	2.16171	0.479736	1.3176	0.489807	0.372696
20.3539	2.20497	2.5296	2.67555	2.14523	0.486984	1.64337	0.480499	0.401993
20.3639	2.20779	2.53105	2.67899	2.16484	0.49057	1.5007	0.494232	0.39299
20.3739	2.20398	2.53151	2.67883	2.16042	0.484619	1.18546	0.49942	0.357361
20.3839	2.20795	2.53304	2.68135	2.16515	0.475998	0.967484	0.493927	0.331039
20.3939	2.20039	2.53098	2.67677	2.15202	0.478439	1.31256	0.487518	0.364761
20.4039	2.19841	2.53906	2.67731	2.15698	0.478592	1.63445	0.478516	0.39772
20.4139	2.20161	2.54112	2.68028	2.16377	0.489883	1.49948	0.496063	0.387268
20.4239	2.20016	2.53883	2.67845	2.16492	0.487213	1.1824	0.498352	0.352249
20.4339	2.20146	2.54066	2.67982	2.16225	0.476379	0.970917	0.498505	0.330048
20.4439	2.19368	2.52678	2.67227	2.14134	0.47493	1.31226	0.489502	0.362778
20.4539	2.19658	2.53296	2.67807	2.16064	0.487061	1.62247	0.488968	0.394363
20.4639	2.19505	2.53387	2.67853	2.16263	0.492706	1.50681	0.496979	0.38559
20.4739	2.19666	2.53227	2.67761	2.16133	0.485229	1.17203	0.499954	0.348816
20.4839	2.19147	2.53609	2.67761	2.15332	0.472488	0.955124	0.495682	0.324631
20.4939	2.19284	2.53914	2.67693	2.15851	0.467758	1.31615	0.480347	0.352631
20.5039	2.19086	2.54684	2.68158	2.16637	0.491867	1.61728	0.494614	0.392914
20.5139	2.19063	2.54341	2.67891	2.16461	0.491638	1.53297	0.498886	0.380173
20.5239	2.19017	2.53754	2.67448	2.15744	0.481796	1.14861	0.499115	0.34462
20.5339	2.18582	2.53151	2.6725	2.14233	0.471039	0.968323	0.4953	0.326385
20.5439	2.18735	2.53456	2.68044	2.16423	0.480423	1.32927	0.495529	0.357513
20.5539	2.18391	2.54066	2.68234	2.16393	0.491714	1.64368	0.494385	0.388947
20.5639	2.18857	2.53876	2.68196	2.16507	0.492706	1.50787	0.503159	0.37941
20.5739	2.1817	2.53738	2.677	2.1537	0.482407	1.16043	0.50499	0.343933
20.5839	2.18002	2.54066	2.67525	2.15195	0.466843	0.965042	0.490417	0.319824
20.5938	2.18216	2.54387	2.6767	2.16156	0.477753	1.32118	0.495605	0.358887
20.6038	2.17911	2.54616	2.67822	2.16209	0.48439	1.6375	0.493622	0.384445
20.6138	2.17918	2.54463	2.67921	2.15851	0.489349	1.49918	0.499268	0.371933
20.6238	2.17415	2.53311	2.67181	2.14218	0.481644	1.16203	0.501328	0.341187
20.6338	2.18071	2.53876	2.68028	2.16301	0.472183	0.967484	0.503845	0.32692
20.6438	2.17415	2.53876	2.67944	2.16125	0.479355	1.32034	0.495148	0.352783
20.6538	2.1772	2.54112	2.68021	2.16301	0.487595	1.64124	0.495377	0.380096
20.6638	2.1727	2.54044	2.67639	2.15286	0.489273	1.49452	0.501328	0.369339
20.6738	2.16995	2.53517	2.66876	2.13943	0.475388	1.15051	0.499725	0.337372
20.6838	2.17049	2.5499	2.67929	2.16393	0.47142	0.970993	0.50499	0.326233
20.6938	2.16995	2.54868	2.67906	2.1637	0.478745	1.32065	0.503464	0.354767
20.7038	2.17178	2.5457	2.67754	2.15958	0.487747	1.64078	0.498276	0.379944
20.7138	2.16507	2.53593	2.66975	2.14386	0.487671	1.49071	0.499649	0.36644
20.7238	2.17102	2.54219	2.68051	2.16713	0.488739	1.15303	0.514374	0.340881
20.7338	2.16446	2.54318	2.67914	2.16438	0.475769	0.971146	0.507889	0.324402
20.7438	2.16736	2.54158	2.67731	2.16232	0.47905	1.32324	0.502167	0.350418
20.7538	2.16461	2.54562	2.67769	2.15675	0.488892	1.633	0.497971	0.377121
20.7638	2.16309	2.54166	2.66724	2.13791	0.485535	1.4846	0.495911	0.358124
20.7738	2.16209	2.55058	2.67799	2.16469	0.485001	1.1515	0.513077	0.33844
20.7838	2.16194	2.55417	2.6796	2.16362	0.472641	0.966187	0.507965	0.321503
20.7938	2.16049	2.54707	2.67502	2.1611	0.480881	1.32133	0.503311	0.349655
20.8038	2.15584	2.54486	2.67311	2.15157	0.489807	1.62933	0.498276	0.369949
20.8138	2.15866	2.5473	2.68173	2.16354	0.492172	1.49162	0.510712	0.365753
20.8238	2.15691	2.54349	2.67487	2.15935	0.479889	1.13922	0.513458	0.335846
20.8338	2.15958	2.54845	2.6815	2.16522	0.472946	0.97374	0.511551	0.323181
20.8438	2.15324	2.54593	2.67723	2.16072	0.483932	1.31836	0.505447	0.346069
20.8538	2.15324	2.54608	2.6725	2.14378	0.487061	1.63567	0.497513	0.365906
20.8638	2.15057	2.5518	2.67624	2.16286	0.490112	1.4814	0.513763	0.358124
20.8738	2.15195	2.55287	2.67395	2.1595	0.481873	1.13182	0.515289	0.333176
20.8838	2.15355	2.55379	2.67776	2.16202	0.474243	0.970993	0.510178	0.317307
20.8938	2.14531	2.5489	2.6741	2.15385	0.478592	1.32027	0.506668	0.341949
20.9038	2.14577	2.5415	2.67136	2.15157	0.478516	1.62163	0.493317	0.35881
20.9138	2.14584	2.54433	2.67555	2.15958	0.487213	1.47736	0.51239	0.353928
20.9238	2.14935	2.54837	2.67822	2.16141	0.481186	1.13632	0.517807	0.333023
20.9338	2.14355	2.54745	2.67555	2.15736	0.469131	0.967484	0.511322	0.31517
20.9438	2.14264	2.54593	2.67349	2.14691	0.476379	1.32034	0.507355	0.339127
20.9538	2.14081	2.55829	2.67632	2.16393	0.488434	1.62773	0.505524	0.360413
20.9638	2.14371	2.55722	2.67563	2.16171	0.491562	1.47186	0.512695	0.348511
20.9738	2.14622	2.55623	2.67532	2.16576	0.485077	1.13327	0.520706	0.328445
20.9838	2.13814	2.55341	2.67509	2.1579	0.473862	0.968781	0.515823	0.316544
20.9938	2.13882	2.53983	2.66663	2.13661	0.472946	1.31538	0.502319	0.332794
21.0038	2.13539	2.55142	2.67624	2.16103	0.487442	1.63101	0.511093	0.35965
21.0138	2.136	2.54799	2.67441	2.15813	0.487366	1.47011	0.514069	0.346298
21.0238	2.13173	2.54982	2.67532	2.15652	0.480652	1.12541	0.519791	0.326614
21.0338	2.13837	2.55219	2.67555	2.15355	0.470581	0.967102	0.517578	0.315628
21.0438	2.13181	2.55653	2.67372	2.16209	0.476608	1.31828	0.509491	0.333557
21.0538	2.13387	2.56088	2.67372	2.16019	0.487518	1.62796	0.508957	0.35408
21.0638	2.12929	2.5592	2.67487	2.16049	0.484238	1.46698	0.514908	0.344849
21.0738	2.12891	2.55592	2.67273	2.15706	0.480042	1.1161	0.521851	0.32692
21.0838	2.12807	2.54387	2.6664	2.13379	0.462646	0.961914	0.512543	0.309448
21.0938	2.12608	2.55302	2.67189	2.15645	0.476303	1.31508	0.509262	0.327606
21.1038	2.12921	2.5563	2.67677	2.16118	0.489273	1.62689	0.513229	0.352249
21.1138	2.12326	2.55257	2.6725	2.15683	0.486526	1.46378	0.515442	0.341568
21.1238	2.12288	2.55295	2.67334	2.15385	0.480804	1.11015	0.519867	0.319824
21.1338	2.12265	2.56325	2.67365	2.16202	0.468369	0.965118	0.520706	0.311584
21.1438	2.12601	2.56271	2.67517	2.16194	0.47905	1.31371	0.515747	0.330582
21.1538	2.11983	2.56409	2.67548	2.15958	0.484924	1.61407	0.509644	0.343246
21.1638	2.12006	2.55745	2.67143	2.15668	0.487595	1.4566	0.519257	0.337982
21.1738	2.12135	2.54944	2.66754	2.13737	0.478363	1.10626	0.519562	0.31662
21.1838	2.11617	2.55661	2.6757	2.16095	0.468063	0.956421	0.518646	0.307541
21.1938	2.11891	2.55501	2.67342	2.15981	0.474701	1.30791	0.515289	0.323486
21.2038	2.11403	2.55508	2.6696	2.15637	0.485458	1.61285	0.509262	0.341415
21.2138	2.11807	2.55699	2.67311	2.15469	0.489197	1.4576	0.522385	0.336456
21.2238	2.1122	2.56332	2.67296	2.16301	0.479126	1.10512	0.526886	0.317154
21.2338	2.11639	2.56836	2.67487	2.16232	0.469055	0.960312	0.5233	0.311966
21.2437	2.11433	2.56477	2.67319	2.16164	0.476608	1.30775	0.519485	0.32608
21.2537	2.10838	2.56241	2.67014	2.15469	0.486908	1.61263	0.514832	0.338821
21.2637	2.11044	2.54631	2.65968	2.13219	0.47905	1.44211	0.51445	0.325241
21.2737	2.10594	2.55348	2.67258	2.15843	0.473175	1.091	0.524673	0.314331
21.2837	2.11334	2.56012	2.6741	2.15973	0.465012	0.962219	0.522842	0.309067
21.2937	2.10709	2.55646	2.67166	2.15668	0.474701	1.30302	0.514145	0.319519
21.3037	2.10938	2.56287	2.67296	2.15401	0.487976	1.6098	0.517883	0.338135
21.3137	2.10754	2.56668	2.67303	2.1624	0.485458	1.44096	0.526047	0.332489
21.3237	2.1093	2.56691	2.67159	2.15965	0.477905	1.09131	0.525436	0.31189
21.3337	2.10724	2.56836	2.67242	2.15797	0.469666	0.959244	0.528183	0.307159
21.3437	2.10594	2.56271	2.66869	2.15446	0.474167	1.30013	0.516663	0.323029
21.3537	2.10777	2.55371	2.66335	2.13409	0.477829	1.59744	0.509949	0.33371
21.3637	2.10396	2.5602	2.67311	2.1595	0.487747	1.43867	0.526733	0.333099
21.3737	2.1096	2.56149	2.67319	2.16003	0.477905	1.08894	0.527267	0.311279
21.3837	2.10579	2.56546	2.6696	2.15591	0.460358	0.953751	0.521927	0.301666
21.3937	2.10808	2.56111	2.66861	2.1479	0.471725	1.29501	0.519333	0.317612
21.4037	2.10648	2.57454	2.67052	2.15958	0.485153	1.59584	0.518799	0.336609
21.4137	2.10167	2.56805	2.66914	2.15729	0.483856	1.43204	0.525513	0.331421
21.4237	2.10411	2.5679	2.66823	2.15729	0.475388	1.08032	0.528488	0.312653
21.4337	2.10541	2.56783	2.66914	2.15179	0.461807	0.950928	0.525208	0.30632
21.4437	2.10289	2.55051	2.65907	2.13531	0.461273	1.28197	0.50705	0.310211
21.4537	2.10243	2.5634	2.66846	2.1553	0.484772	1.59203	0.519714	0.331573
21.4637	2.10579	2.56393	2.67052	2.15828	0.485687	1.42288	0.527878	0.328445
21.4737	2.10281	2.56218	2.6667	2.15294	0.473633	1.07277	0.53009	0.312576
21.4837	2.10289	2.56287	2.66335	2.13951	0.461807	0.94841	0.52475	0.301971
21.4937	2.10144	2.57317	2.66861	2.1579	0.470047	1.28624	0.522537	0.320663
21.5037	2.10144	2.5766	2.6709	2.16034	0.484772	1.58394	0.523529	0.337448
21.5137	2.10114	2.57149	2.66617	2.15431	0.479355	1.41502	0.527725	0.327454
21.5237	2.09793	2.56699	2.66525	2.14569	0.471497	1.06483	0.527039	0.311356
21.5337	2.10373	2.56653	2.67029	2.16148	0.462494	0.949326	0.529709	0.302353
21.5437	2.09885	2.56538	2.66907	2.15607	0.470734	1.28738	0.521622	0.318604
21.5537	2.10312	2.56874	2.66815	2.15462	0.479813	1.57776	0.521011	0.336761
21.5637	2.09908	2.56821	2.66785	2.15317	0.482483	1.41685	0.53154	0.334549
21.5737	2.09892	2.56027	2.65686	2.12982	0.462265	1.04614	0.5233	0.306854
21.5837	2.10304	2.57767	2.67136	2.1608	0.464249	0.943527	0.533752	0.308838
21.5937	2.10068	2.57309	2.66418	2.15469	0.469742	1.28433	0.5233	0.323334
21.6037	2.10312	2.57393	2.66464	2.15187	0.483017	1.57089	0.521622	0.333557
21.6137	2.09625	2.56218	2.65808	2.13623	0.479889	1.40564	0.52803	0.327759
21.6237	2.10228	2.56615	2.66624	2.15622	0.471268	1.04599	0.529099	0.309601
21.6337	2.09961	2.57034	2.66785	2.15515	0.462418	0.940094	0.530548	0.305099
21.6437	2.10152	2.56943	2.66747	2.1563	0.469437	1.28166	0.527573	0.324097
21.6537	2.1019	2.57156	2.66342	2.14279	0.480118	1.56387	0.520477	0.335312
21.6637	2.1019	2.57851	2.66571	2.15736	0.4776	1.39709	0.530624	0.332489
21.6737	2.10159	2.5779	2.66632	2.15645	0.470047	1.04149	0.535965	0.313644
21.6837	2.10114	2.57614	2.66289	2.1537	0.458984	0.934219	0.53009	0.307236
21.6937	2.10373	2.57355	2.66518	2.15088	0.470581	1.27357	0.52597	0.321579
21.7037	2.0961	2.56424	2.65839	2.13882	0.471344	1.54259	0.511169	0.332108
21.7137	2.10144	2.56844	2.66273	2.15141	0.476379	1.3945	0.53154	0.332794
21.7237	2.10037	2.57332	2.668	2.15721	0.46936	1.03523	0.53772	0.320511
21.7337	2.10114	2.57248	2.66579	2.15218	0.458603	0.928955	0.531998	0.309601
21.7437	2.09587	2.56447	2.65373	2.12868	0.462112	1.26083	0.52002	0.321503
21.7537	2.09908	2.58591	2.66602	2.15675	0.479813	1.55067	0.521927	0.341644
21.7637	2.09946	2.57866	2.66411	2.15508	0.477142	1.38748	0.533142	0.333481
21.7737	2.10114	2.57828	2.66434	2.1534	0.469131	1.03073	0.540543	0.319214
21.7837	2.10144	2.57126	2.65762	2.13638	0.452652	0.921249	0.52803	0.308914
21.7937	2.0977	2.5705	2.66403	2.15393	0.467682	1.25755	0.52681	0.328217
21.8037	2.1022	2.57324	2.66396	2.15363	0.479202	1.54152	0.525284	0.344849
21.8137	2.09991	2.57721	2.66693	2.15508	0.478668	1.37375	0.532837	0.340347
21.8237	2.10258	2.57683	2.66159	2.14973	0.468216	1.02364	0.536957	0.321884
21.8337	2.10045	2.58667	2.66472	2.15706	0.454483	0.918961	0.532074	0.313034
21.8437	2.10052	2.58293	2.66357	2.15729	0.468369	1.25656	0.529251	0.332642
21.8537	2.10243	2.58255	2.66052	2.15141	0.475616	1.53526	0.519257	0.346451
21.8637	2.10228	2.58003	2.66174	2.1492	0.477219	1.37421	0.533905	0.347443
21.8737	2.10045	2.56279	2.65205	2.1331	0.457458	1.00662	0.527496	0.314789
21.8837	2.09991	2.57629	2.66327	2.15477	0.458679	0.924911	0.535278	0.315781
21.8937	2.10472	2.57797	2.66556	2.1553	0.467529	1.25069	0.531311	0.335464
21.9036	2.10037	2.58224	2.65968	2.15157	0.476608	1.52962	0.523071	0.34874
21.9136	2.10075	2.57492	2.65678	2.1328	0.470428	1.35658	0.526199	0.3405
21.9236	2.10533	2.58698	2.66335	2.15416	0.463409	1.00922	0.537567	0.322952
21.9336	2.10571	2.58728	2.66129	2.15324	0.453415	0.909424	0.533905	0.316696
21.9436	2.10655	2.58224	2.65991	2.15065	0.463257	1.2426	0.528641	0.335083
21.9536	2.10472	2.57843	2.65656	2.13791	0.476379	1.52214	0.525131	0.358658
21.9636	2.10724	2.58018	2.66319	2.15668	0.475769	1.35071	0.538483	0.352173
21.9736	2.10396	2.58018	2.66472	2.15302	0.463638	1.00075	0.540237	0.32959
21.9836	2.10815	2.58072	2.66174	2.15332	0.454483	0.916138	0.536499	0.323257
21.9936	2.10457	2.57599	2.65755	2.14012	0.460892	1.23795	0.529327	0.345306
22.0036	2.10747	2.59148	2.66205	2.16019	0.48172	1.51985	0.514984	0.360565
22.0136	2.10854	2.58827	2.66037	2.15302	0.476227	1.34415	0.536804	0.360489
22.0236	2.10808	2.58385	2.65709	2.1505	0.460358	0.989609	0.541153	0.334244
22.0336	2.11037	2.58705	2.65945	2.14806	0.453644	0.904694	0.536804	0.326004
22.0436	2.10381	2.57019	2.65152	2.13242	0.455704	1.22795	0.521774	0.347977
22.0536	2.11136	2.58148	2.66022	2.15233	0.473785	1.50528	0.529861	0.377502
22.0636	2.10617	2.57828	2.65839	2.15004	0.471725	1.33118	0.534592	0.368118
22.0736	2.11151	2.58202	2.65915	2.14958	0.460815	0.986938	0.542603	0.339584
22.0836	2.10876	2.57957	2.65091	2.12524	0.445557	0.903168	0.529022	0.32814
22.0936	2.1093	2.58636	2.65747	2.15279	0.462646	1.22635	0.533676	0.359955
22.1036	2.11044	2.59064	2.65633	2.15027	0.471954	1.49742	0.529861	0.389709
22.1136	2.11235	2.58614	2.6548	2.14806	0.469666	1.32202	0.537033	0.383072
22.1236	2.11235	2.57774	2.65106	2.1315	0.453949	0.96962	0.535202	0.345535
22.1336	2.1122	2.58194	2.65823	2.15202	0.452347	0.903702	0.537643	0.341187
22.1436	2.11617	2.58041	2.65686	2.15134	0.459366	1.21727	0.531693	0.37384
22.1536	2.11456	2.58835	2.65854	2.15096	0.473175	1.4917	0.529709	0.403137
22.1636	2.11563	2.58476	2.65633	2.14188	0.468826	1.31859	0.536728	0.391235
22.1736	2.11143	2.59178	2.65762	2.15439	0.457687	0.965118	0.542526	0.355911
22.1836	2.11533	2.59338	2.65915	2.15401	0.450974	0.901108	0.541611	0.347748
22.1936	2.11655	2.5901	2.65724	2.15332	0.460205	1.21239	0.533447	0.384216
22.2036	2.11517	2.58835	2.65419	2.1434	0.468369	1.48132	0.531158	0.416183
22.2136	2.11601	2.58194	2.65625	2.15294	0.469818	1.30753	0.538635	0.400543
22.2236	2.11411	2.58415	2.65709	2.15027	0.45784	0.951614	0.53894	0.357285
22.2336	2.11929	2.58827	2.65915	2.1553	0.445786	0.887375	0.540848	0.352402
22.2436	2.11555	2.58286	2.65465	2.14294	0.457001	1.20468	0.53215	0.390244
22.2536	2.11525	2.58377	2.64671	2.13013	0.459442	1.46248	0.520248	0.415726
22.2636	2.11899	2.59087	2.65259	2.14897	0.467758	1.30157	0.539017	0.407104
22.2736	2.11937	2.59262	2.659	2.155	0.454102	0.955048	0.544739	0.365143
22.2836	2.12364	2.59315	2.65343	2.14516	0.442352	0.888824	0.539474	0.35675
22.2936	2.11731	2.57225	2.64145	2.12189	0.446701	1.19446	0.521622	0.385132
22.3036	2.12471	2.58827	2.65457	2.14966	0.467987	1.46408	0.52803	0.426025
22.3136	2.11807	2.58774	2.6532	2.14607	0.466232	1.28975	0.542297	0.408173
22.3236	2.12624	2.58858	2.65686	2.14935	0.454788	0.943985	0.542145	0.366058
22.3336	2.12112	2.58896	2.64725	2.12517	0.442123	0.88295	0.533829	0.352631
22.3436	2.12601	2.59583	2.65228	2.15088	0.455856	1.19316	0.53566	0.39772
22.3536	2.12616	2.59933	2.65541	2.15149	0.469742	1.45996	0.532455	0.428772
22.3636	2.12379	2.59567	2.64915	2.14607	0.463409	1.27495	0.536041	0.401459
22.3736	2.12639	2.5824	2.64511	2.12471	0.443802	0.926208	0.535431	0.354614
22.3836	2.1244	2.59026	2.65549	2.15294	0.444794	0.881348	0.540009	0.355148
22.3936	2.12837	2.58957	2.65083	2.14897	0.453033	1.1824	0.527649	0.385208
22.4036	2.12593	2.58995	2.65015	2.14485	0.464325	1.44272	0.532837	0.417099
22.4136	2.1283	2.58827	2.64847	2.13341	0.463181	1.26831	0.532761	0.390167
22.4236	2.1254	2.59682	2.6516	2.14958	0.449753	0.929642	0.540543	0.351944
22.4336	2.12929	2.59857	2.65045	2.1489	0.440979	0.874557	0.538025	0.346222
22.4436	2.13089	2.59377	2.6503	2.14676	0.452805	1.18271	0.529404	0.376968
22.4536	2.12685	2.59155	2.64633	2.13196	0.462341	1.43745	0.533066	0.404434
22.4636	2.13287	2.58797	2.65045	2.14714	0.463486	1.2648	0.537415	0.38414
22.4736	2.12898	2.58987	2.65236	2.14752	0.446548	0.917892	0.537796	0.345612
22.4836	2.13417	2.59132	2.65228	2.14828	0.438309	0.869217	0.54039	0.341034
22.4936	2.12898	2.58659	2.64366	2.13005	0.447998	1.17546	0.527725	0.360641
22.5036	2.13394	2.60254	2.65038	2.14836	0.463028	1.42899	0.535583	0.391006
22.5136	2.13371	2.59926	2.65099	2.14951	0.466461	1.25854	0.542297	0.37178
22.5236	2.13409	2.59842	2.65228	2.15065	0.450439	0.914764	0.542679	0.339737
22.5336	2.13493	2.593	2.6474	2.13593	0.43541	0.866852	0.536957	0.329514
22.5436	2.1315	2.58789	2.6474	2.14645	0.449219	1.1705	0.53215	0.351486
22.5545	2.14035	2.59468	2.64832	2.15096	0.467911	1.3446	0.540848	0.369415
22.5675	2.13264	2.58835	2.63977	2.12601	0.439301	0.971909	0.532455	0.335541
22.5735	2.13753	2.59178	2.64725	2.13799	0.444489	0.904388	0.53894	0.324783
22.5835	2.13608	2.60567	2.65099	2.15073	0.437088	0.86113	0.53894	0.324173
22.5935	2.13463	2.59644	2.64366	2.14432	0.445709	1.16104	0.532684	0.343475
22.6035	2.13898	2.60468	2.65022	2.14821	0.464859	1.41258	0.538635	0.365067
22.6135	2.13684	2.59483	2.64633	2.13676	0.461578	1.23718	0.539398	0.3479
22.6235	2.14172	2.5943	2.64977	2.14844	0.443573	0.898361	0.546188	0.326767
22.6335	2.13585	2.59567	2.64893	2.14432	0.434952	0.851364	0.536957	0.318985
22.6435	2.14233	2.59048	2.64664	2.14882	0.450439	1.15288	0.531158	0.332489
22.6535	2.13654	2.59575	2.64282	2.13234	0.457687	1.39626	0.531464	0.347748
22.6635	2.14256	2.60231	2.64786	2.15042	0.462418	1.23009	0.546799	0.344162
22.6735	2.14195	2.60185	2.64488	2.14455	0.443497	0.888824	0.542603	0.321198
22.6835	2.14409	2.60513	2.64961	2.1492	0.435638	0.850143	0.540009	0.316772
22.6935	2.14569	2.59552	2.64519	2.13684	0.4496	1.14212	0.531158	0.328598
22.7035	2.14249	2.59491	2.64587	2.14668	0.46402	1.39404	0.533905	0.343018
22.7135	2.14973	2.5956	2.64626	2.14409	0.453186	1.21437	0.540771	0.333099
22.7235	2.146	2.59819	2.64847	2.14439	0.4422	0.88356	0.545197	0.319595
22.7335	2.14836	2.59789	2.64603	2.13829	0.43335	0.841904	0.537567	0.314026
22.7435	2.14577	2.6062	2.64885	2.14996	0.450134	1.14006	0.536728	0.330124
22.7535	2.14508	2.60498	2.6458	2.14691	0.459671	1.3826	0.535812	0.339661
22.7635	2.1508	2.60399	2.6461	2.14592	0.457077	1.20827	0.543213	0.332336
22.7735	2.1508	2.59659	2.64214	2.13264	0.436325	0.871048	0.538254	0.308762
22.7835	2.15286	2.59811	2.64687	2.1508	0.439758	0.842438	0.541382	0.313339
22.7935	2.1479	2.59651	2.64877	2.1476	0.444794	1.13251	0.532074	0.324173
22.8035	2.15607	2.60239	2.64763	2.14806	0.462646	1.37489	0.538025	0.339584
22.8135	2.15004	2.59598	2.64381	2.13219	0.453949	1.19987	0.535812	0.326462
22.8235	2.15279	2.60941	2.64839	2.15004	0.440063	0.868454	0.543594	0.314484
22.8335	2.15645	2.60895	2.6458	2.14691	0.433655	0.839233	0.538406	0.314865
22.8435	2.15637	2.60094	2.64175	2.14348	0.444794	1.12251	0.533142	0.323715
22.8535	2.15744	2.6001	2.64038	2.13211	0.455933	1.35704	0.531311	0.331345
22.8635	2.1521	2.59842	2.64496	2.14783	0.457153	1.19354	0.545807	0.332108
22.8735	2.15797	2.59773	2.64374	2.14554	0.439835	0.862961	0.542068	0.315247
22.8835	2.15492	2.59995	2.64351	2.14447	0.432281	0.833206	0.53978	0.311737
22.8935	2.16019	2.6001	2.64381	2.13638	0.443192	1.11687	0.535812	0.324936
22.9035	2.15881	2.61063	2.64305	2.14615	0.458527	1.35086	0.533829	0.340424
22.9135	2.16003	2.60887	2.64206	2.14584	0.457077	1.18507	0.542755	0.330658
22.9235	2.1608	2.60849	2.64458	2.14462	0.436783	0.850983	0.539856	0.312195
22.9335	2.1627	2.60284	2.64114	2.1331	0.427933	0.828476	0.537109	0.314484
22.9435	2.16499	2.5985	2.64351	2.14661	0.444717	1.11061	0.53688	0.327377
22.9535	2.16446	2.60155	2.64214	2.14348	0.4599	1.33995	0.535355	0.338974
22.9635	2.16644	2.59697	2.64069	2.14119	0.45433	1.17226	0.53627	0.330429
22.9735	2.16225	2.60124	2.64053	2.1315	0.435028	0.847321	0.542374	0.315628
22.9835	2.16522	2.61208	2.6429	2.14684	0.429459	0.824203	0.537415	0.314026
22.9935	2.16698	2.60735	2.64168	2.14584	0.442657	1.10329	0.535126	0.325775
23.0035	2.17033	2.61177	2.64053	2.14394	0.45517	1.33217	0.535965	0.338745
23.0135	2.16995	2.59972	2.6368	2.12944	0.451736	1.16264	0.53688	0.32959
23.0235	2.16629	2.60185	2.64435	2.1447	0.436478	0.84198	0.545197	0.316772
23.0335	2.17583	2.60429	2.64366	2.14523	0.430984	0.822449	0.541763	0.317841
23.0435	2.17178	2.60269	2.64069	2.14424	0.441895	1.0936	0.533371	0.325699
23.0535	2.17522	2.60826	2.63962	2.13562	0.457077	1.32309	0.533524	0.339661
23.0635	2.17392	2.61238	2.64252	2.14836	0.454254	1.15685	0.543365	0.335617
23.0735	2.17728	2.6136	2.64297	2.14592	0.435562	0.833664	0.541992	0.317993
23.0835	2.18285	2.6123	2.6403	2.14134	0.42305	0.81337	0.5336	0.311508
23.0935	2.1759	2.59537	2.63054	2.12387	0.436096	1.08269	0.527191	0.323334
23.1035	2.18155	2.60422	2.64015	2.14561	0.457764	1.31363	0.53627	0.336533
23.1135	2.17964	2.60307	2.6403	2.14165	0.45166	1.1467	0.539932	0.332108
23.1235	2.18323	2.60475	2.64252	2.14401	0.434494	0.824814	0.543747	0.317154
23.1335	2.18147	2.6001	2.63168	2.12112	0.422211	0.8078	0.530014	0.313339
23.1435	2.18773	2.61299	2.64336	2.14668	0.440063	1.08612	0.536423	0.325699
23.1535	2.18651	2.6133	2.63702	2.14256	0.45578	1.29982	0.534134	0.33905
23.1635	2.18536	2.6075	2.63695	2.14142	0.450668	1.13861	0.537567	0.333557
23.1735	2.19109	2.59811	2.62825	2.11655	0.424576	0.810242	0.533142	0.310364
23.1835	2.18681	2.60376	2.63817	2.14149	0.423355	0.804749	0.537338	0.313797
23.1935	2.19315	2.60193	2.63802	2.14256	0.438156	1.07422	0.533142	0.326843
23.2034	2.19505	2.6107	2.64023	2.14119	0.454865	1.29173	0.534363	0.339966
23.2134	2.19131	2.60223	2.63115	2.12326	0.448914	1.15471	0.538635	0.331421
23.2234	2.19238	2.61246	2.63695	2.14371	0.429001	0.779419	0.53894	0.315628
23.2334	2.19681	2.61566	2.6403	2.1447	0.42511	0.80513	0.541306	0.319366
23.2434	2.20039	2.6088	2.63542	2.13844	0.439606	1.07422	0.532532	0.329742
23.2534	2.19574	2.59895	2.62718	2.11571	0.448151	1.27708	0.52887	0.334625
23.2634	2.20093	2.60361	2.6368	2.14172	0.449371	1.11916	0.542297	0.335388
23.2734	2.19994	2.60834	2.64091	2.14577	0.434265	0.801239	0.541534	0.320587
23.2834	2.20711	2.61131	2.64053	2.14348	0.426559	0.798492	0.540161	0.320816
23.2934	2.20139	2.60338	2.62825	2.11678	0.431061	1.06026	0.526199	0.324402
23.3034	2.20528	2.61833	2.63832	2.14432	0.454178	1.27136	0.536499	0.343246
23.3134	2.20634	2.61055	2.63344	2.14249	0.44754	1.11153	0.540619	0.337601
23.3234	2.20726	2.61139	2.63435	2.13661	0.424805	0.789795	0.541458	0.320892
23.3334	2.20741	2.5972	2.62619	2.11632	0.413666	0.787277	0.528107	0.310898
23.3434	2.20764	2.60452	2.63611	2.13997	0.43602	1.05629	0.530701	0.327072
23.3534	2.21207	2.61124	2.63741	2.14203	0.452881	1.26495	0.534286	0.340347
23.3634	2.21069	2.60742	2.63733	2.13989	0.447311	1.10527	0.542374	0.337067
23.3734	2.21191	2.60262	2.62665	2.11632	0.422134	0.782928	0.531616	0.316772
23.3834	2.21375	2.61681	2.63687	2.14249	0.419235	0.786362	0.536041	0.315781
23.3934	2.21588	2.61261	2.63351	2.14119	0.435715	1.05049	0.53299	0.331116
23.4034	2.21924	2.61497	2.63519	2.13737	0.453033	1.25511	0.537262	0.344391
23.4134	2.21237	2.59651	2.62657	2.12524	0.438766	1.09406	0.530701	0.329361
23.4234	2.22084	2.60902	2.63611	2.14279	0.424118	0.773468	0.540543	0.323181
23.4334	2.22076	2.61032	2.63664	2.14188	0.423737	0.787506	0.540848	0.321121
23.4434	2.22557	2.6075	2.63199	2.13638	0.436554	1.04454	0.532837	0.329437
23.4534	2.22275	2.62383	2.63718	2.14951	0.434494	1.23474	0.520477	0.33432
23.4634	2.22404	2.61658	2.63199	2.1386	0.445862	1.0878	0.541229	0.33638
23.4734	2.22626	2.61307	2.63306	2.14073	0.423431	0.773468	0.543365	0.3228
23.4834	2.22633	2.61208	2.63062	2.13486	0.420227	0.780792	0.534515	0.32074
23.4934	2.23061	2.60895	2.63512	2.14417	0.435715	1.04065	0.534592	0.331421
23.5034	2.22946	2.6123	2.63573	2.14142	0.450516	1.23917	0.531311	0.340805
23.5134	2.23228	2.60933	2.63458	2.1431	0.446548	1.0881	0.542526	0.341797
23.5234	2.23114	2.61131	2.63321	2.13326	0.423584	0.762405	0.543671	0.324173
23.5334	2.23412	2.62154	2.63664	2.14699	0.424805	0.780563	0.542755	0.344315
23.5434	2.23579	2.61787	2.63527	2.14333	0.438232	1.03821	0.53566	0.333862
23.5534	2.23869	2.61917	2.63252	2.14081	0.451965	1.23169	0.536652	0.34462
23.5634	2.23869	2.61024	2.63016	2.1315	0.444412	1.07239	0.543137	0.339127
23.5734	2.2364	2.61101	2.63626	2.14478	0.424042	0.761795	0.545197	0.325775
23.5834	2.23907	2.61108	2.63481	2.14127	0.42099	0.771027	0.536575	0.323334
23.5934	2.23877	2.60979	2.63344	2.14027	0.433578	1.03043	0.535049	0.334854
23.6034	2.24541	2.61742	2.63191	2.13211	0.448608	1.21544	0.531769	0.342636
23.6134	2.23946	2.61871	2.63268	2.14478	0.444336	1.06621	0.546494	0.33989
23.6234	2.24152	2.61803	2.6326	2.14294	0.423431	0.751801	0.544281	0.326767
23.6334	2.24518	2.61955	2.63123	2.1402	0.419922	0.773621	0.538635	0.323563
23.6434	2.24342	2.61322	2.62787	2.12997	0.433884	1.02348	0.528488	0.329056
23.6534	2.25067	2.61612	2.63481	2.14317	0.450516	1.21628	0.53772	0.344772
23.6634	2.24495	2.61314	2.63504	2.14195	0.445404	1.05957	0.544434	0.34256
23.6734	2.2496	2.61154	2.63397	2.14134	0.425797	0.749283	0.542603	0.324707
23.6834	2.24846	2.60986	2.62558	2.12433	0.416718	0.766602	0.534821	0.32135
23.6934	2.25105	2.62123	2.6339	2.14226	0.433273	1.01517	0.534286	0.33165
23.7034	2.25151	2.62215	2.63077	2.13989	0.448685	1.2072	0.53772	0.34668
23.7134	2.25273	2.61559	2.6297	2.14005	0.442657	1.05576	0.542755	0.340347
23.7234	2.2567	2.60399	2.621	2.11868	0.416183	0.735168	0.534363	0.317078
23.7334	2.25334	2.61467	2.63458	2.14317	0.417938	0.762711	0.54039	0.325928
23.7434	2.25807	2.61284	2.63382	2.14241	0.435715	1.01448	0.537949	0.338593
23.7534	2.25777	2.61887	2.63474	2.13997	0.451126	1.2027	0.537567	0.348434
23.7634	2.25868	2.60948	2.62451	2.12166	0.439224	1.04561	0.537872	0.340118
23.7734	2.25731	2.61749	2.62711	2.13982	0.418091	0.733032	0.539398	0.323257
23.7834	2.26158	2.62047	2.63084	2.14096	0.419922	0.759964	0.539627	0.32959
23.7934	2.26501	2.61749	2.63031	2.13974	0.434036	1.01006	0.538101	0.339966
23.8034	2.26044	2.60757	2.62352	2.11693	0.445175	1.19179	0.532837	0.344238
23.8134	2.26418	2.61284	2.63374	2.14348	0.447922	1.04431	0.545883	0.344391
23.8234	2.2644	2.61215	2.631	2.14012	0.420609	0.729599	0.536118	0.324707
23.8344	2.26982	2.61589	2.63184	2.14012	0.429153	0.932007	0.53566	0.335999
23.8444	2.26654	2.61223	2.62825	2.13287	0.44281	1.1071	0.532379	0.340729
23.8543	2.26341	2.61787	2.62535	2.13089	0.441437	1.15677	0.529327	0.339355
23.8643	2.27043	2.62283	2.63123	2.14172	0.431366	0.836258	0.541534	0.330582
23.8743	2.27158	2.62001	2.63199	2.14287	0.411301	0.648727	0.536957	0.322495
23.8843	2.2747	2.61452	2.62756	2.13097	0.430069	0.921707	0.53627	0.335846
23.8943	2.27112	2.61078	2.63016	2.14043	0.443268	1.10138	0.537872	0.344467
23.9043	2.27669	2.61665	2.63184	2.14073	0.450821	1.15822	0.540543	0.349884
23.9143	2.27341	2.61536	2.63084	2.14035	0.428696	0.829773	0.541077	0.332794
23.9243	2.27768	2.61421	2.62947	2.13364	0.40802	0.64537	0.537033	0.32547
23.9343	2.27577	2.62665	2.63245	2.14157	0.429153	0.918808	0.536423	0.339127
23.9443	2.27791	2.61803	2.62695	2.13821	0.445099	1.09711	0.534668	0.342789
23.9543	2.28043	2.62192	2.6284	2.13913	0.451508	1.15059	0.541992	0.350876
23.9643	2.27837	2.61314	2.62444	2.1257	0.425491	0.828552	0.541458	0.336685
23.9743	2.28378	2.61375	2.63008	2.13997	0.409088	0.64476	0.537643	0.323181
23.9843	2.28104	2.61612	2.6297	2.13676	0.427551	0.919113	0.537415	0.33699
23.9943	2.28409	2.61154	2.62909	2.13982	0.444183	1.09207	0.534668	0.346146
24.0043	2.28172	2.61543	2.6236	2.11975	0.44754	1.13907	0.533981	0.350647
24.0143	2.28394	2.62581	2.63077	2.14455	0.43129	0.821228	0.547256	0.337906
24.0243	2.285	2.61894	2.62802	2.13959	0.405807	0.641403	0.536804	0.324554
24.0343	2.28745	2.61864	2.62405	2.1344	0.428848	0.913925	0.534592	0.335236
24.0443	2.28897	2.60712	2.6207	2.11929	0.440292	1.08009	0.533981	0.346298
24.0543	2.28653	2.61314	2.62642	2.13821	0.452042	1.1367	0.538101	0.350037
24.0643	2.29141	2.61597	2.62924	2.1405	0.430527	0.83725	0.544205	0.341339
24.0743	2.28683	2.61444	2.62886	2.13921	0.410156	0.645294	0.53833	0.326614
24.0843	2.29439	2.61719	2.62444	2.12021	0.427017	0.906219	0.529556	0.334549
24.0943	2.28905	2.62444	2.62978	2.13974	0.44136	1.07964	0.533066	0.34729
24.1043	2.29416	2.62344	2.62634	2.13966	0.451584	1.13037	0.539932	0.352859
24.1143	2.29675	2.62177	2.62779	2.13753	0.429382	0.812912	0.543442	0.336304
24.1243	2.29538	2.60628	2.61803	2.11288	0.399475	0.629807	0.524902	0.316849
24.1343	2.2998	2.61787	2.62955	2.13928	0.429077	0.906754	0.533981	0.337372
24.1443	2.29401	2.61276	2.62726	2.13661	0.440903	1.07498	0.533829	0.348053
24.1543	2.29904	2.621	2.62909	2.13623	0.451355	1.12511	0.540771	0.357208
24.1643	2.29492	2.61688	2.61932	2.12196	0.418243	0.802307	0.530853	0.330048
24.1743	2.29713	2.62169	2.62733	2.1373	0.405121	0.632095	0.531845	0.324478
24.1843	2.30087	2.62512	2.62688	2.13936	0.42923	0.900879	0.53688	0.339279
24.1943	2.30011	2.61475	2.62321	2.12875	0.44136	1.06697	0.528717	0.342255
24.2043	2.30225	2.61467	2.62276	2.13554	0.440216	1.11588	0.523529	0.343781
24.2143	2.29774	2.6149	2.62787	2.13875	0.42717	0.802917	0.537415	0.337448
24.2243	2.30484	2.61627	2.62848	2.13989	0.407181	0.635605	0.535049	0.329666
24.2343	2.30461	2.61719	2.62474	2.1283	0.426483	0.894012	0.532379	0.340958
24.2443	2.30614	2.62314	2.62772	2.14317	0.443802	1.05461	0.52063	0.338287
24.2543	2.30637	2.62726	2.62886	2.14172	0.453644	1.12198	0.544586	0.359421
24.2643	2.30827	2.62512	2.62817	2.14203	0.428848	0.798492	0.542908	0.340652
24.2743	2.31163	2.61642	2.62115	2.1273	0.405273	0.638733	0.530472	0.326691
24.2843	2.30659	2.61543	2.62665	2.14157	0.431519	0.895462	0.534058	0.341949
24.2943	2.31308	2.61383	2.62642	2.1373	0.442429	1.05957	0.530243	0.346527
24.3043	2.30835	2.61749	2.62627	2.1386	0.455399	1.11115	0.539017	0.356903
24.3143	2.31056	2.61871	2.62634	2.12952	0.423508	0.79155	0.533981	0.335236
24.3243	2.30904	2.62169	2.62543	2.1405	0.40657	0.628204	0.535202	0.330353
24.3343	2.31529	2.62634	2.62863	2.13989	0.428543	0.894623	0.536957	0.345078
24.3443	2.31522	2.62085	2.62474	2.13852	0.446091	1.06148	0.533676	0.351028
24.3543	2.31422	2.61551	2.62222	2.12395	0.452194	1.10428	0.533295	0.353394
24.3643	2.31781	2.61627	2.62787	2.14096	0.427017	0.791626	0.542374	0.341415
24.3743	2.31544	2.61604	2.6268	2.13844	0.405121	0.627747	0.535583	0.33165
24.3843	2.32124	2.62238	2.62466	2.13608	0.429077	0.888138	0.530472	0.342636
24.3943	2.31476	2.61253	2.62238	2.11998	0.444031	1.05354	0.531082	0.348892
24.4043	2.31956	2.62993	2.62863	2.14424	0.459518	1.10802	0.544891	0.362015
24.4143	2.3175	2.6236	2.62512	2.14012	0.429611	0.789948	0.543823	0.342102
24.4243	2.32079	2.6207	2.62238	2.13501	0.406189	0.627136	0.533981	0.327148
24.4343	2.3214	2.61566	2.6194	2.11525	0.42305	0.880356	0.524063	0.340424
24.4443	2.32048	2.61452	2.62695	2.14073	0.447464	1.05263	0.533524	0.355835
24.4543	2.32681	2.61749	2.62375	2.13776	0.453415	1.0968	0.535049	0.354233
24.4643	2.32368	2.61559	2.62466	2.13577	0.428009	0.789948	0.540161	0.341415
24.4743	2.32567	2.6123	2.6181	2.11578	0.402832	0.620117	0.526733	0.322723
24.4843	2.32544	2.62505	2.62611	2.13905	0.431519	0.885239	0.532837	0.343399
24.4943	2.33002	2.62543	2.62573	2.13905	0.447006	1.05247	0.531387	0.353546
24.5042	2.32895	2.6239	2.62367	2.13364	0.45433	1.09276	0.5336	0.357971
24.5142	2.32635	2.61108	2.61864	2.1167	0.423889	0.783386	0.534286	0.339355
24.5242	2.33002	2.61383	2.62802	2.13936	0.406189	0.620041	0.531311	0.327148
24.5342	2.32964	2.61917	2.62787	2.13799	0.430679	0.881424	0.533218	0.341644
24.5442	2.33673	2.61826	2.6281	2.13913	0.446625	1.04965	0.530777	0.35408
24.5542	2.32964	2.61581	2.61658	2.11388	0.453033	1.09123	0.534058	0.353622
24.5642	2.33353	2.62665	2.62474	2.13852	0.430603	0.786743	0.543289	0.340118
24.5742	2.33467	2.62596	2.62527	2.13684	0.404129	0.618362	0.530243	0.329895
24.5842	2.3362	2.62444	2.62489	2.13448	0.430298	0.881119	0.531082	0.343475
24.5942	2.33597	2.60422	2.61444	2.1106	0.440292	1.03943	0.52742	0.348129
24.6042	2.33643	2.6194	2.62733	2.13943	0.457916	1.09161	0.540009	0.362091
24.6142	2.33955	2.61665	2.62375	2.13722	0.426254	0.77858	0.544357	0.343018
24.6242	2.33536	2.61665	2.62413	2.13425	0.409164	0.62233	0.532532	0.332413
24.6342	2.34131	2.61955	2.61978	2.11632	0.429611	0.87677	0.527573	0.343094
24.6442	2.33765	2.6223	2.62573	2.13997	0.448303	1.04279	0.534286	0.355682
24.6542	2.34169	2.62955	2.62589	2.13951	0.45845	1.092	0.539398	0.363922
24.6652	2.34413	2.62444	2.61993	2.13432	0.399017	0.582886	0.533981	0.330048
24.6742	2.33734	2.60406	2.61269	2.10976	0.399475	0.612335	0.526123	0.32547
24.6842	2.34665	2.6194	2.6281	2.1402	0.433426	0.880127	0.531845	0.344696
24.6942	2.34352	2.61269	2.62169	2.13608	0.445633	1.03683	0.527039	0.350113
24.7042	2.34901	2.61978	2.62558	2.13661	0.455017	1.0894	0.541916	0.360947
24.7142	2.34077	2.61276	2.61391	2.11143	0.423126	0.771027	0.529785	0.335159
24.7242	2.3465	2.62787	2.62283	2.1376	0.407028	0.619202	0.535507	0.333328
24.7342	2.35092	2.62589	2.62421	2.13974	0.43602	0.880737	0.532379	0.349274
24.7442	2.35123	2.62199	2.62367	2.13554	0.446472	1.04256	0.531006	0.355606
24.7542	2.34886	2.60872	2.61452	2.11288	0.449829	1.08276	0.53215	0.357437
24.7642	2.34985	2.61841	2.62596	2.13943	0.428162	0.773392	0.542221	0.345535
24.7742	2.35466	2.61894	2.62665	2.13936	0.408554	0.620193	0.531387	0.33287
24.7842	2.35153	2.62001	2.62497	2.13524	0.433731	0.883102	0.535889	0.348816
24.7942	2.35092	2.61436	2.61787	2.11716	0.443268	1.03424	0.52803	0.353546
24.8042	2.3539	2.62947	2.62596	2.14005	0.456924	1.08429	0.538712	0.361938
24.8142	2.35519	2.62459	2.62383	2.13974	0.428772	0.771408	0.538864	0.343933
24.8272	2.35527	2.62573	2.62352	2.14165	0.447006	1.03287	0.535965	0.358505
24.8402	2.35977	2.61848	2.61955	2.12639	0.407181	0.606461	0.532761	0.33226
24.8442	2.36023	2.61528	2.6252	2.13745	0.449448	1.03508	0.531006	0.353241
24.8542	2.36046	2.62184	2.62497	2.13577	0.454102	1.07613	0.538483	0.359192
24.8642	2.36275	2.61673	2.62131	2.13402	0.423889	0.765686	0.53566	0.341263
24.8742	2.36061	2.61192	2.6136	2.11197	0.400085	0.611267	0.525055	0.328827
24.8842	2.36168	2.6265	2.62283	2.13867	0.43129	0.880356	0.531006	0.346527
24.8942	2.36504	2.62337	2.62283	2.1357	0.444717	1.0334	0.525894	0.353546
24.9042	2.36748	2.62779	2.62497	2.13669	0.456696	1.07933	0.535278	0.359116
24.9142	2.36549	2.61154	2.61383	2.11403	0.42244	0.762482	0.532532	0.338364
24.9242	2.36282	2.61742	2.62558	2.13867	0.40741	0.617218	0.530853	0.33226
24.9342	2.36748	2.61971	2.62337	2.13707	0.429764	0.879974	0.53299	0.346527
24.9442	2.36443	2.61833	2.62558	2.13638	0.447693	1.03905	0.533524	0.356293
24.9542	2.37038	2.62306	2.62276	2.12669	0.455475	1.07803	0.535049	0.358429
24.9642	2.369	2.62878	2.62466	2.13966	0.426025	0.763397	0.536423	0.341492
24.9742	2.37076	2.62733	2.62405	2.13669	0.404816	0.616302	0.532532	0.333328
24.9842	2.37167	2.62558	2.62253	2.13417	0.427551	0.881729	0.532684	0.347443
24.9942	2.36748	2.61742	2.62161	2.12517	0.446167	1.03401	0.528717	0.356674
25.0042	2.37488	2.61909	2.62161	2.1376	0.454407	1.07552	0.538712	0.362701
