17.2834	2.3761	2.49924	2.6712	2.13646	0.467987	0.904312	0.451584	0.380325
18.2942	2.36893	2.50103	2.67418	2.14085	0.472145	1.09333	0.453987	0.42717
18.3042	2.36705	2.50476	2.67797	2.1505	0.477498	1.27986	0.456441	0.473887
18.3142	2.36601	2.50906	2.68019	2.15666	0.481663	1.34897	0.459499	0.492668
18.3242	2.36446	2.50716	2.6788	2.1541	0.481506	1.33731	0.459366	0.489334
18.3342	2.3643	2.50795	2.68071	2.15707	0.481402	1.27296	0.460421	0.474866
18.3442	2.3641	2.51004	2.68183	2.15966	0.481851	1.27529	0.461415	0.475747
18.3542	2.36326	2.50885	2.68092	2.15764	0.482016	1.32165	0.460587	0.486584
18.3642	2.36326	2.50948	2.68188	2.15926	0.483297	1.34734	0.461146	0.4928
18.3742	2.36333	2.51063	2.68227	2.16075	0.484009	1.34238	0.462311	0.492012
18.3842	2.36126	2.51127	2.68295	2.16179	0.484619	1.34695	0.463135	0.493599
18.3942	2.36096	2.51225	2.68404	2.16444	0.485161	1.34737	0.463844	0.494247
18.4042	2.36095	2.5135	2.68439	2.16514	0.485519	1.34743	0.464119	0.494286
18.4142	2.36026	2.51263	2.68404	2.16405	0.485168	1.34718	0.463921	0.493729
18.4242	2.36034	2.51421	2.68559	2.16709	0.486427	1.34746	0.465439	0.494591
18.4342	2.35954	2.51467	2.6846	2.16617	0.484474	1.34583	0.463524	0.492874
18.4442	2.35877	2.51431	2.68438	2.16589	0.484428	1.34604	0.463264	0.492706
18.4542	2.35873	2.51575	2.68571	2.16875	0.485207	1.34676	0.464073	0.492622
18.4642	2.35848	2.51567	2.68541	2.16785	0.485146	1.34682	0.463753	0.491913
18.4742	2.35767	2.51541	2.68506	2.16787	0.485405	1.3466	0.463692	0.491371
18.4842	2.35732	2.51514	2.68494	2.16862	0.484383	1.34604	0.462898	0.490631
18.4942	2.3575	2.51546	2.68507	2.16882	0.484489	1.34645	0.463158	0.490387
18.5042	2.35678	2.51553	2.68505	2.16851	0.484009	1.34641	0.462898	0.489899
18.5142	2.35658	2.51597	2.68526	2.16885	0.48407	1.34613	0.462982	0.489311
18.5242	2.35604	2.51561	2.68494	2.16832	0.483528	1.34592	0.462608	0.488426
18.5342	2.3556	2.51496	2.68502	2.16766	0.484886	1.34697	0.464256	0.489174
18.5442	2.35542	2.51488	2.6849	2.16766	0.48465	1.3468	0.464073	0.488968
18.5542	2.355	2.51356	2.68382	2.16476	0.484047	1.34596	0.463425	0.488335
18.5642	2.35443	2.51378	2.68408	2.16577	0.484207	1.34573	0.464149	0.488754
18.5742	2.35412	2.51431	2.68397	2.16529	0.482819	1.34418	0.462524	0.487511
18.5842	2.354	2.51578	2.68462	2.16685	0.483971	1.34492	0.463753	0.48822
18.5942	2.35311	2.51527	2.68417	2.16695	0.484016	1.3447	0.4636	0.488121
18.6042	2.35281	2.5141	2.68389	2.16662	0.484207	1.34502	0.463554	0.487816
18.6142	2.35264	2.51447	2.6841	2.16727	0.484543	1.34546	0.463806	0.487991
18.6241	2.35246	2.51521	2.68397	2.16731	0.484718	1.34507	0.463821	0.487617
18.6341	2.35281	2.51538	2.68431	2.16865	0.48497	1.34641	0.464096	0.488022
18.6441	2.35265	2.51493	2.6845	2.16837	0.485352	1.34717	0.46476	0.487938
18.6541	2.35256	2.51693	2.68533	2.17105	0.485703	1.34816	0.465569	0.488129
18.6641	2.35228	2.51691	2.68462	2.17036	0.485329	1.34801	0.465195	0.48735
18.6741	2.35194	2.51569	2.68503	2.17055	0.486565	1.34867	0.467072	0.487991
18.6841	2.35204	2.51528	2.6852	2.1703	0.486748	1.34861	0.467224	0.487801
18.6941	2.35193	2.51607	2.68512	2.16985	0.486435	1.34921	0.467262	0.487236
18.7041	2.35163	2.51704	2.6852	2.16989	0.486481	1.34888	0.467484	0.486465
18.7141	2.35131	2.51613	2.68513	2.16983	0.486465	1.34829	0.467186	0.485626
18.7241	2.35083	2.5153	2.68499	2.16945	0.486343	1.34769	0.467438	0.485367
18.7341	2.35013	2.51642	2.68511	2.16971	0.48616	1.34726	0.467209	0.484726
18.7441	2.34935	2.51695	2.68504	2.16982	0.48597	1.34718	0.466835	0.484261
18.7541	2.34833	2.51517	2.68423	2.16808	0.48468	1.34676	0.465645	0.48288
18.7641	2.34757	2.51477	2.68484	2.16869	0.484871	1.34753	0.465958	0.483002
18.7741	2.34702	2.51486	2.68434	2.16593	0.484306	1.34626	0.465179	0.482002
18.7841	2.34607	2.51541	2.68421	2.16626	0.484482	1.34708	0.465225	0.481743
18.7941	2.34527	2.51488	2.68378	2.16491	0.484497	1.34747	0.465027	0.481308
18.8041	2.34438	2.51426	2.68398	2.16502	0.484566	1.34799	0.465042	0.481232
18.8141	2.34394	2.51463	2.6841	2.16464	0.484467	1.3482	0.465538	0.481125
18.8241	2.34357	2.51602	2.68474	2.16544	0.484772	1.34818	0.465645	0.481087
18.8341	2.34287	2.51564	2.68456	2.16515	0.484909	1.34862	0.466118	0.481392
18.8441	2.34285	2.51521	2.68485	2.16583	0.484909	1.3494	0.464012	0.480278
18.8541	2.34255	2.5162	2.68554	2.16721	0.485931	1.35005	0.464905	0.480865
18.8641	2.34208	2.5162	2.68465	2.16502	0.485352	1.34895	0.464638	0.47963
18.8741	2.3415	2.51705	2.68502	2.16766	0.485916	1.34932	0.46492	0.479355
18.8841	2.34106	2.51699	2.68488	2.16706	0.485909	1.34888	0.464905	0.478943
18.8941	2.34052	2.51677	2.68533	2.16844	0.486015	1.34932	0.46534	0.478844
18.9041	2.33986	2.51671	2.68521	2.16846	0.486053	1.34971	0.465782	0.478821
18.9141	2.3391	2.51641	2.68431	2.16581	0.485481	1.34898	0.464813	0.477554
18.9241	2.33788	2.51588	2.68391	2.16557	0.485428	1.34848	0.464493	0.47654
18.9341	2.33733	2.51585	2.68369	2.16457	0.485008	1.34808	0.464027	0.475731
18.9441	2.33649	2.51551	2.6833	2.16365	0.484741	1.34747	0.466034	0.476013
18.9541	2.33587	2.51585	2.6835	2.16369	0.484703	1.34768	0.465843	0.475311
18.9641	2.33517	2.51608	2.68345	2.16309	0.484444	1.34723	0.465675	0.474762
18.9741	2.33421	2.51625	2.68376	2.16341	0.484566	1.34693	0.466194	0.47464
18.9841	2.33318	2.51601	2.68369	2.16319	0.484322	1.34738	0.466339	0.474655
18.9941	2.33266	2.51617	2.68371	2.16324	0.483971	1.3476	0.466393	0.474541
19.0041	2.33241	2.51624	2.68377	2.16311	0.48394	1.34754	0.466064	0.473351
19.0141	2.33196	2.51643	2.68389	2.16369	0.484177	1.34808	0.46656	0.473221
19.0241	2.33187	2.51672	2.68382	2.16344	0.483971	1.34779	0.466736	0.472839
19.0341	2.3312	2.51684	2.68401	2.16402	0.483994	1.34801	0.467094	0.472969
19.0441	2.33075	2.51707	2.68393	2.1642	0.484207	1.3486	0.467186	0.472534
19.0541	2.33031	2.51719	2.68416	2.16445	0.484459	1.34897	0.467735	0.471535
19.0641	2.32982	2.51755	2.68501	2.16649	0.485321	1.34939	0.468422	0.471245
19.0741	2.32954	2.51754	2.68486	2.16621	0.484917	1.34869	0.468338	0.470528
19.0841	2.32915	2.51826	2.6854	2.16706	0.485008	1.34932	0.46862	0.470596
19.0941	2.32845	2.51795	2.68478	2.16461	0.485123	1.34926	0.468231	0.469597
19.1041	2.32728	2.51764	2.6843	2.16431	0.484848	1.34936	0.468292	0.469017
19.1141	2.32628	2.51765	2.68494	2.16627	0.485069	1.34908	0.46891	0.468575
19.1241	2.32504	2.51651	2.68388	2.1639	0.483994	1.34763	0.468018	0.467102
19.1341	2.32413	2.5167	2.68386	2.16429	0.484055	1.34848	0.468147	0.466888
19.1441	2.3232	2.5173	2.68386	2.16405	0.484077	1.34888	0.468346	0.466797
19.1541	2.32236	2.51704	2.68348	2.16423	0.484291	1.34897	0.46859	0.465454
19.1641	2.3213	2.51697	2.68345	2.16442	0.483818	1.34829	0.468254	0.464699
19.1741	2.32075	2.51619	2.68311	2.16368	0.48378	1.3482	0.468315	0.464211
19.1841	2.32029	2.51646	2.68302	2.16366	0.483688	1.3482	0.468338	0.46376
19.1941	2.31982	2.51794	2.68393	2.16611	0.483887	1.34884	0.468895	0.463737
19.2041	2.31959	2.51866	2.68382	2.16571	0.484055	1.34814	0.469078	0.463226
19.2141	2.31924	2.51859	2.6834	2.16565	0.483932	1.34777	0.468811	0.462311
19.2241	2.31886	2.51904	2.6845	2.16801	0.485046	1.34772	0.469902	0.462288
19.2341	2.31873	2.5183	2.68431	2.16732	0.485062	1.34759	0.469872	0.461838
19.2441	2.31792	2.51877	2.68475	2.16769	0.485069	1.3475	0.470238	0.461121
19.2541	2.31766	2.51978	2.68491	2.1677	0.485176	1.34747	0.470665	0.461914
19.2641	2.31756	2.52014	2.68459	2.16737	0.485405	1.34789	0.471046	0.461258
19.274	2.31683	2.52031	2.68516	2.16839	0.485764	1.34711	0.471786	0.460861
19.284	2.31614	2.51952	2.6852	2.16811	0.485779	1.34782	0.472153	0.461105
19.294	2.31529	2.51846	2.6847	2.16735	0.485703	1.34794	0.472046	0.460472
19.304	2.31422	2.51759	2.68399	2.16536	0.484886	1.34721	0.471176	0.458817
19.314	2.31325	2.51849	2.68417	2.16553	0.485161	1.34721	0.471558	0.458183
19.324	2.31276	2.51931	2.6841	2.16537	0.484879	1.34672	0.471931	0.458038
19.334	2.31156	2.51845	2.68333	2.16323	0.484612	1.34679	0.471573	0.45723
19.344	2.31084	2.51775	2.68305	2.16299	0.484734	1.34754	0.471748	0.456833
19.354	2.31001	2.5172	2.68314	2.16288	0.484673	1.34763	0.471382	0.45565
19.364	2.30891	2.51671	2.68295	2.1617	0.484589	1.34723	0.471161	0.454636
19.374	2.30832	2.51763	2.68271	2.16132	0.484215	1.3465	0.471008	0.453773
19.384	2.30756	2.51825	2.68243	2.1613	0.484047	1.3465	0.471016	0.452858
19.394	2.3066	2.51866	2.68227	2.16094	0.483856	1.34621	0.470955	0.452271
19.404	2.30627	2.51929	2.68318	2.16323	0.484291	1.34669	0.47187	0.451881
19.414	2.30563	2.51861	2.68312	2.1629	0.484116	1.34652	0.471779	0.450912
19.424	2.30517	2.51836	2.68346	2.16306	0.484535	1.34582	0.472122	0.45002
19.434	2.30436	2.51933	2.68378	2.16341	0.484451	1.34595	0.472527	0.450066
19.444	2.30361	2.52035	2.684	2.16354	0.484016	1.34618	0.472549	0.449455
19.454	2.30279	2.52071	2.68357	2.16328	0.483879	1.34554	0.472733	0.448792
19.464	2.30193	2.52079	2.68324	2.16365	0.484016	1.34577	0.472992	0.448357
19.474	2.30087	2.52003	2.68307	2.1635	0.484024	1.34526	0.472939	0.44754
19.484	2.2999	2.51958	2.68339	2.16373	0.48439	1.34483	0.472763	0.447006
19.494	2.29959	2.5196	2.68356	2.16389	0.484322	1.34564	0.472862	0.446159
19.504	2.29819	2.51932	2.68274	2.16187	0.483856	1.34557	0.471939	0.445084
19.514	2.29715	2.52048	2.68304	2.16202	0.48378	1.34599	0.472351	0.444641
19.524	2.29585	2.52071	2.68263	2.16187	0.483406	1.34473	0.472069	0.443634
19.534	2.29523	2.52108	2.68289	2.16315	0.48391	1.34493	0.472282	0.443298
19.544	2.29443	2.52003	2.68253	2.16311	0.48436	1.34546	0.472229	0.44249
19.554	2.29313	2.51936	2.68256	2.16295	0.484177	1.3459	0.472519	0.441544
19.564	2.29255	2.51993	2.68337	2.16409	0.484161	1.34544	0.47332	0.440605
19.574	2.2914	2.51962	2.68258	2.16135	0.483841	1.34434	0.47261	0.439232
19.584	2.29044	2.52042	2.6824	2.16124	0.483353	1.34444	0.473236	0.438904
19.594	2.28907	2.52116	2.68245	2.16178	0.483757	1.34447	0.473755	0.438309
19.604	2.28868	2.52175	2.68268	2.16307	0.484207	1.3453	0.47477	0.437439
19.614	2.28824	2.52064	2.6822	2.163	0.482903	1.34359	0.473434	0.435448
19.624	2.28732	2.52031	2.68225	2.16282	0.482658	1.34402	0.473724	0.435135
19.634	2.28672	2.52061	2.68288	2.16402	0.482903	1.34483	0.474815	0.43544
19.644	2.28582	2.52087	2.68266	2.16271	0.482506	1.34509	0.474915	0.434837
19.654	2.2853	2.52242	2.68296	2.16322	0.482529	1.34493	0.47506	0.43409
19.664	2.28406	2.523	2.68258	2.16328	0.482559	1.3446	0.474968	0.433212
19.674	2.28383	2.52439	2.68355	2.16602	0.483139	1.34485	0.476036	0.433029
19.684	2.28324	2.52336	2.68275	2.16386	0.482887	1.34499	0.4757	0.432556
19.694	2.2823	2.52274	2.68282	2.16382	0.482582	1.34502	0.47538	0.431686
19.704	2.28162	2.52264	2.68338	2.16461	0.482994	1.34576	0.475868	0.430855
19.714	2.28053	2.52309	2.68349	2.1646	0.483978	1.34595	0.477501	0.430557
19.724	2.27984	2.52324	2.68319	2.16312	0.484215	1.34563	0.477188	0.429291
19.734	2.27863	2.52414	2.68317	2.16322	0.484261	1.34546	0.477318	0.428513
19.744	2.27766	2.52486	2.68325	2.16434	0.484322	1.34585	0.477615	0.427856
19.754	2.27674	2.52437	2.68276	2.16334	0.484093	1.34593	0.477409	0.426003
19.764	2.27566	2.52289	2.68187	2.16048	0.483498	1.34841	0.476997	0.42498
19.774	2.27444	2.522	2.6816	2.16044	0.483002	1.34441	0.477051	0.423599
19.784	2.27347	2.52271	2.68253	2.16228	0.483246	1.34325	0.477318	0.422791
19.794	2.27285	2.52271	2.68217	2.16182	0.483009	1.34479	0.47757	0.422554
19.804	2.27148	2.52271	2.68135	2.15958	0.482193	1.33977	0.476974	0.4207
19.814	2.2706	2.52389	2.6816	2.15991	0.482887	1.34374	0.477081	0.420509
19.824	2.26995	2.52444	2.68191	2.16158	0.482628	1.33745	0.477722	0.419189
19.834	2.26923	2.52377	2.68119	2.16065	0.482231	1.33469	0.477081	0.417862
19.844	2.26821	2.52213	2.67998	2.15775	0.481506	1.33453	0.47641	0.416702
19.854	2.26693	2.52156	2.67996	2.15802	0.481789	1.32986	0.476654	0.414925
19.864	2.26646	2.52263	2.68114	2.16078	0.482605	1.33118	0.477623	0.414436
19.874	2.26532	2.52287	2.681	2.16022	0.482422	1.32748	0.477501	0.412834
19.884	2.26419	2.52283	2.68023	2.15804	0.482063	1.32632	0.477295	0.412338
19.894	2.263	2.52407	2.68061	2.15865	0.482445	1.3262	0.478104	0.41188
19.904	2.26223	2.52525	2.6813	2.16071	0.482819	1.32529	0.479134	0.410988
19.914	2.26115	2.525	2.68111	2.15993	0.482422	1.32462	0.479256	0.409683
19.924	2.25941	2.52369	2.6801	2.15731	0.481857	1.32249	0.478561	0.407982
19.9339	2.25848	2.5237	2.68059	2.15781	0.481743	1.32246	0.479424	0.407745
19.9439	2.25739	2.52483	2.68166	2.16053	0.482498	1.32322	0.480553	0.407059
19.9539	2.25669	2.52507	2.68179	2.16065	0.482185	1.32237	0.480621	0.406242
19.9639	2.25543	2.52505	2.681	2.15864	0.48172	1.32103	0.479866	0.404449
19.9739	2.25459	2.52602	2.68111	2.15891	0.48159	1.31954	0.480118	0.403603
19.9839	2.25373	2.5273	2.68163	2.16141	0.482483	1.31973	0.481163	0.403519
19.9939	2.25299	2.52727	2.68155	2.16131	0.482536	1.31951	0.481514	0.402374
20.0039	2.2522	2.52658	2.68116	2.16003	0.482918	1.32192	0.481483	0.401154
20.0139	2.25107	2.52625	2.68133	2.16075	0.48317	1.32095	0.482178	0.400215
20.0239	2.25071	2.52741	2.68224	2.16341	0.484055	1.3209	0.483665	0.400253
20.0339	2.24951	2.52736	2.68193	2.16311	0.483856	1.32116	0.483444	0.399529
20.0439	2.24894	2.52766	2.68171	2.16246	0.483688	1.32066	0.48365	0.398964
20.0539	2.24776	2.52878	2.68179	2.16285	0.484016	1.32076	0.484421	0.397934
20.0639	2.24675	2.53015	2.68252	2.16508	0.484428	1.31798	0.485718	0.397369
20.0739	2.2458	2.53026	2.6823	2.16502	0.484619	1.32121	0.486061	0.39724
20.0839	2.24464	2.52989	2.68187	2.16401	0.484543	1.32287	0.486191	0.396576
20.0939	2.24325	2.52833	2.6806	2.16119	0.483635	1.32102	0.485336	0.39489
20.1039	2.24139	2.52859	2.68101	2.16224	0.483345	1.32037	0.485588	0.393852
20.1139	2.24094	2.52892	2.68091	2.16197	0.483093	1.31956	0.485855	0.393021
20.1239	2.23938	2.52898	2.68082	2.16148	0.483078	1.32128	0.485764	0.392342
20.1339	2.23824	2.52954	2.68064	2.16047	0.483414	1.32301	0.486092	0.392105
20.1439	2.23677	2.5308	2.68107	2.16148	0.483582	1.32244	0.486397	0.391518
20.1539	2.2357	2.5311	2.68089	2.161	0.483292	1.32536	0.486183	0.390549
20.1639	2.23489	2.53084	2.6806	2.16067	0.482925	1.32338	0.486229	0.388939
20.1739	2.2334	2.53036	2.68031	2.15964	0.482956	1.32364	0.486488	0.388092
20.1839	2.23263	2.53023	2.6807	2.16053	0.482681	1.32391	0.487183	0.388062
20.1939	2.2314	2.53117	2.68176	2.16298	0.483597	1.32458	0.48822	0.38797
20.2039	2.23103	2.53181	2.68204	2.16356	0.484138	1.3259	0.488914	0.387405
20.2139	2.22907	2.53162	2.68168	2.16286	0.4841	1.32233	0.488678	0.385208
20.2239	2.2279	2.53161	2.68076	2.16066	0.483459	1.32379	0.488525	0.384811
20.2339	2.22686	2.53268	2.68127	2.16214	0.483833	1.32415	0.489029	0.384628
20.2439	2.22595	2.5327	2.68119	2.16206	0.484161	1.32396	0.489471	0.383408
20.2539	2.22525	2.53272	2.68132	2.16203	0.484749	1.32489	0.489845	0.382431
20.2639	2.22349	2.5321	2.68071	2.16019	0.484642	1.3243	0.489914	0.381226
20.2739	2.22253	2.53236	2.68141	2.16171	0.485115	1.32548	0.490829	0.381393
20.2839	2.22083	2.53254	2.68137	2.1613	0.484924	1.3253	0.490738	0.380844
20.2939	2.22015	2.53295	2.68116	2.16106	0.484619	1.32512	0.490555	0.379631
20.3159	2.21909	2.53285	2.6808	2.16084	0.482971	1.24717	0.491356	0.369385
20.3169	2.21848	2.53334	2.68065	2.16139	0.481079	1.18753	0.491653	0.361862
20.3239	2.21763	2.53485	2.68153	2.164	0.481636	1.18793	0.492073	0.361252
20.3339	2.21634	2.53513	2.68145	2.16333	0.48127	1.18755	0.492035	0.360634
20.3439	2.21535	2.53513	2.68113	2.16259	0.480743	1.1871	0.49192	0.360092
20.3539	2.21345	2.53418	2.6804	2.16076	0.480324	1.18684	0.491501	0.358582
20.3639	2.21277	2.53443	2.6807	2.16254	0.480568	1.18642	0.49176	0.358009
20.3739	2.21155	2.53448	2.68011	2.16167	0.480064	1.18567	0.491638	0.357269
20.3839	2.21096	2.53443	2.67993	2.1618	0.480309	1.18571	0.491653	0.356651
20.3939	2.20927	2.5346	2.67973	2.16089	0.480392	1.18535	0.491913	0.356018
20.4039	2.20741	2.53507	2.67927	2.15993	0.480789	1.26276	0.490288	0.363602
20.4139	2.20593	2.53582	2.67934	2.15975	0.482597	1.32137	0.490562	0.369415
20.4239	2.20473	2.53559	2.67903	2.15957	0.482658	1.32099	0.490921	0.368919
20.4339	2.20385	2.53531	2.67872	2.15973	0.482841	1.32144	0.491684	0.368813
20.4439	2.20204	2.53426	2.67796	2.15769	0.482361	1.32091	0.491653	0.367821
20.4539	2.2012	2.5346	2.67822	2.15923	0.482368	1.31882	0.4925	0.367058
20.4639	2.19993	2.53488	2.67817	2.15901	0.482582	1.31943	0.492775	0.366318
20.4739	2.1992	2.53496	2.67805	2.1591	0.482643	1.31808	0.492828	0.365463
20.4839	2.19755	2.53526	2.67767	2.15792	0.482292	1.31685	0.493004	0.364822
20.4939	2.19679	2.53608	2.67769	2.15857	0.481224	1.31721	0.492287	0.363609
20.5039	2.19604	2.53686	2.67812	2.15951	0.482552	1.31549	0.493896	0.363129
20.5139	2.19494	2.53709	2.67798	2.15959	0.482727	1.31884	0.494179	0.362419
20.5239	2.19394	2.53696	2.67758	2.15884	0.482185	1.31546	0.494255	0.361656
20.5339	2.19238	2.53604	2.67685	2.15685	0.481651	1.3152	0.493935	0.36129
20.5439	2.19174	2.53682	2.67767	2.15914	0.482201	1.3169	0.494537	0.360764
20.5539	2.19048	2.53759	2.67809	2.15947	0.482666	1.31902	0.495079	0.360222
20.5639	2.18983	2.53808	2.67844	2.15971	0.482666	1.31913	0.495697	0.359604
20.5739	2.18833	2.53859	2.67838	2.15895	0.482384	1.31797	0.496201	0.359116
20.5839	2.18719	2.53905	2.67814	2.15881	0.481819	1.31896	0.495674	0.358635
20.5938	2.18612	2.53952	2.67812	2.15912	0.482819	1.31947	0.4972	0.359261
20.6038	2.18494	2.53945	2.67778	2.15869	0.482071	1.32149	0.497101	0.358414
20.6138	2.1838	2.53957	2.67781	2.15808	0.481842	1.31811	0.497139	0.35759
20.6238	2.1822	2.53913	2.67754	2.15656	0.481827	1.31945	0.49736	0.357246
20.6338	2.18169	2.53986	2.67832	2.15862	0.481941	1.31937	0.498215	0.3573
20.6438	2.18037	2.54028	2.67822	2.15833	0.481834	1.31847	0.498177	0.356827
20.6538	2.1797	2.54032	2.67801	2.15823	0.481422	1.31823	0.498276	0.355942
20.6638	2.17811	2.54049	2.67745	2.15701	0.481079	1.31689	0.498093	0.354935
20.6738	2.17693	2.54027	2.67663	2.15559	0.480377	1.3159	0.497566	0.354279
20.6838	2.17598	2.54119	2.67703	2.15678	0.480835	1.3165	0.499023	0.354919
20.6938	2.17476	2.54167	2.67727	2.157	0.480934	1.31644	0.499809	0.354507
20.7038	2.17403	2.54163	2.6772	2.15675	0.48127	1.31677	0.500275	0.354057
20.7138	2.17262	2.54076	2.67625	2.15528	0.481102	1.31593	0.500313	0.353508
20.7238	2.1723	2.54166	2.67712	2.15778	0.481812	1.31503	0.501617	0.353477
20.7338	2.17068	2.54211	2.67701	2.15791	0.48217	1.31539	0.502022	0.353226
20.7438	2.17	2.54239	2.6768	2.15802	0.48214	1.31568	0.502724	0.352989
20.7538	2.16874	2.54284	2.67654	2.15739	0.482269	1.31486	0.502983	0.352692
20.7638	2.16778	2.54296	2.67563	2.1559	0.481895	1.31387	0.502441	0.35157
20.7738	2.16699	2.5445	2.67655	2.15842	0.482857	1.31396	0.503777	0.351677
20.7838	2.16614	2.54493	2.67658	2.15839	0.482979	1.31348	0.504074	0.351204
20.7938	2.16519	2.54477	2.67618	2.15813	0.483192	1.31355	0.504059	0.350693
20.8038	2.1636	2.54469	2.67574	2.15733	0.483398	1.31241	0.504059	0.349693
20.8138	2.16296	2.54582	2.67693	2.1593	0.483849	1.3125	0.505165	0.349625
20.8238	2.16154	2.54595	2.67637	2.15852	0.482964	1.31112	0.505074	0.349121
20.8338	2.16106	2.54648	2.67661	2.15861	0.482681	1.31138	0.50544	0.348999
20.8438	2.15965	2.54691	2.6766	2.15845	0.48317	1.31089	0.505768	0.348564
20.8538	2.15851	2.54696	2.67608	2.15715	0.482986	1.31116	0.505722	0.347443
20.8638	2.15726	2.54797	2.67698	2.15965	0.483444	1.31084	0.507507	0.347443
20.8738	2.15624	2.5482	2.67657	2.15913	0.483131	1.30887	0.507729	0.346916
20.8838	2.1554	2.54816	2.67639	2.15897	0.483292	1.30935	0.50795	0.346497
20.8938	2.15388	2.54835	2.6763	2.15824	0.483063	1.30924	0.508286	0.345726
20.9038	2.15288	2.54801	2.67612	2.15824	0.481934	1.30847	0.50779	0.344612
20.9138	2.1516	2.54771	2.67551	2.15784	0.481438	1.30704	0.507957	0.34343
20.9238	2.15084	2.5482	2.67584	2.15805	0.481567	1.30676	0.508392	0.343147
20.9338	2.14924	2.5481	2.67525	2.15726	0.481186	1.30613	0.508369	0.342346
20.9438	2.14818	2.5481	2.67487	2.15588	0.480431	1.30633	0.50856	0.341652
20.9538	2.14693	2.54932	2.67525	2.1579	0.480568	1.30553	0.509361	0.341103
20.9638	2.14625	2.54987	2.67519	2.15778	0.480713	1.30458	0.509254	0.340141
20.9738	2.14568	2.5502	2.67533	2.15841	0.481033	1.30473	0.509796	0.339668
20.9838	2.14413	2.55016	2.67506	2.158	0.480995	1.3045	0.510361	0.339592
20.9938	2.14349	2.54926	2.67432	2.15627	0.480431	1.30402	0.509926	0.338676
21.0038	2.14245	2.55025	2.6748	2.15722	0.481323	1.30495	0.511703	0.33876
21.0138	2.14146	2.55061	2.67469	2.15707	0.481339	1.30423	0.511871	0.337997
21.0238	2.1397	2.55076	2.6744	2.15659	0.481285	1.30314	0.51207	0.337357
21.0338	2.13918	2.55123	2.6744	2.1562	0.48143	1.3031	0.512695	0.337402
21.0438	2.1381	2.55229	2.67442	2.15772	0.481453	1.30289	0.512909	0.336845
21.0538	2.13741	2.55255	2.67416	2.15735	0.481361	1.30292	0.513252	0.336212
21.0638	2.13596	2.55275	2.67409	2.15723	0.480629	1.30243	0.513474	0.335846
21.0738	2.13423	2.55272	2.67383	2.15636	0.480125	1.30071	0.513588	0.335693
21.0838	2.13322	2.55177	2.67296	2.15395	0.479004	1.30003	0.51326	0.334984
21.0938	2.13195	2.55309	2.67348	2.15593	0.47934	1.3	0.513954	0.334465
21.1038	2.13133	2.55357	2.67354	2.15594	0.479523	1.29958	0.514168	0.333725
21.1138	2.13006	2.55403	2.67335	2.15582	0.479439	1.29895	0.514305	0.333252
21.1238	2.12917	2.55434	2.67315	2.15555	0.479454	1.29742	0.514313	0.332573
21.1338	2.1276	2.55545	2.67296	2.15639	0.479233	1.29723	0.514626	0.332169
21.1438	2.12702	2.55607	2.6731	2.15638	0.479477	1.29677	0.515251	0.331871
21.1538	2.12562	2.55639	2.67328	2.15632	0.479218	1.29538	0.51532	0.330788
21.1638	2.12469	2.55621	2.67294	2.15594	0.479553	1.29434	0.515755	0.330101
21.1738	2.12394	2.55556	2.67242	2.15397	0.479385	1.29336	0.515526	0.329071
21.1838	2.12275	2.55684	2.67335	2.15668	0.479927	1.29281	0.516136	0.32888
21.1938	2.12203	2.55704	2.6735	2.15702	0.479767	1.29209	0.516739	0.328468
21.2038	2.12051	2.55692	2.67278	2.15654	0.479385	1.29069	0.516342	0.327385
21.2138	2.12	2.55736	2.67284	2.15633	0.479652	1.29007	0.517036	0.326874
21.2238	2.11893	2.5584	2.67281	2.15724	0.479485	1.28957	0.517738	0.326607
21.2338	2.1183	2.55891	2.67293	2.15727	0.479553	1.28909	0.517998	0.326645
21.2437	2.11713	2.55911	2.67273	2.15724	0.479309	1.28849	0.518372	0.326195
21.2537	2.11599	2.55894	2.6722	2.15675	0.479507	1.28835	0.51889	0.325752
21.2637	2.11503	2.55783	2.67102	2.1543	0.478653	1.2869	0.51841	0.324478
21.2737	2.11349	2.55824	2.67152	2.15641	0.478134	1.28537	0.518921	0.324249
21.2837	2.1132	2.55859	2.67136	2.15629	0.477829	1.28595	0.519341	0.324402
21.2937	2.11202	2.55873	2.67119	2.15598	0.477829	1.28546	0.519226	0.324005
21.3037	2.11156	2.55951	2.67152	2.15574	0.478081	1.28516	0.520088	0.323677
21.3137	2.1105	2.56048	2.67152	2.15651	0.477707	1.28349	0.520454	0.32328
21.3237	2.11021	2.56084	2.67138	2.15617	0.477585	1.28211	0.520309	0.322754
21.3337	2.1093	2.56084	2.67113	2.15574	0.477646	1.28201	0.520798	0.322273
21.3437	2.10846	2.56063	2.67068	2.15502	0.477402	1.28124	0.520515	0.321968
21.3537	2.1084	2.55976	2.67001	2.15296	0.476494	1.27972	0.520027	0.321457
21.3637	2.10775	2.56115	2.67135	2.15569	0.477364	1.27938	0.521255	0.322243
21.3737	2.10812	2.56195	2.67141	2.15585	0.477837	1.27917	0.521515	0.321938
21.3837	2.10736	2.56248	2.67096	2.15547	0.477371	1.27833	0.521423	0.321198
21.3937	2.10746	2.56295	2.67065	2.15459	0.477074	1.27753	0.521942	0.321007
21.4037	2.10717	2.56412	2.67041	2.15515	0.476791	1.27613	0.522034	0.320854
21.4137	2.10658	2.56425	2.67002	2.15464	0.476631	1.27524	0.52198	0.320747
21.4237	2.10606	2.56435	2.66969	2.1544	0.476379	1.27414	0.522285	0.320824
21.4337	2.10588	2.5643	2.66936	2.15379	0.475594	1.27331	0.521988	0.32074
21.4437	2.10558	2.56308	2.6684	2.15187	0.474304	1.27149	0.521027	0.319458
21.4537	2.10504	2.56405	2.66891	2.15399	0.474998	1.27095	0.522003	0.319244
21.4637	2.10522	2.56442	2.66865	2.15387	0.474792	1.26937	0.522118	0.318779
21.4737	2.10455	2.56449	2.668	2.15316	0.474365	1.26775	0.5224	0.318909
21.4837	2.10426	2.56423	2.66737	2.15152	0.47451	1.26722	0.522682	0.318939
21.4937	2.10359	2.56544	2.66737	2.15252	0.474342	1.26634	0.523003	0.319244
21.5037	2.10309	2.56564	2.66741	2.1526	0.474304	1.26515	0.523476	0.319328
21.5137	2.10303	2.56599	2.66711	2.1523	0.473854	1.26345	0.523697	0.318932
21.5237	2.10242	2.5659	2.66682	2.15114	0.473465	1.2619	0.523552	0.318802
21.5337	2.10225	2.56577	2.66693	2.15211	0.473534	1.26174	0.524002	0.318405
21.5437	2.10184	2.56725	2.66793	2.15418	0.47448	1.26228	0.525459	0.319244
21.5537	2.10191	2.56779	2.6679	2.15411	0.473984	1.26086	0.525589	0.319763
21.5637	2.10124	2.56821	2.66763	2.1536	0.473663	1.26025	0.525955	0.320374
21.5737	2.10085	2.56802	2.66665	2.15129	0.472527	1.25759	0.525276	0.319801
21.5837	2.10087	2.5695	2.66745	2.15342	0.472771	1.2571	0.526176	0.320488
21.5937	2.10079	2.5695	2.66701	2.1531	0.47274	1.25691	0.526253	0.320755
21.6037	2.10096	2.56923	2.66638	2.15225	0.472565	1.25561	0.526062	0.320366
21.6137	2.10047	2.5683	2.66557	2.15044	0.472618	1.25467	0.526093	0.320396
21.6237	2.10091	2.56821	2.66567	2.1515	0.472595	1.25278	0.526299	0.320221
21.6337	2.10049	2.5686	2.66543	2.15086	0.472588	1.25186	0.526382	0.320496
21.6437	2.10076	2.569	2.66527	2.15089	0.472458	1.25129	0.526978	0.321045
21.6537	2.10064	2.56928	2.66479	2.1497	0.472488	1.2499	0.526924	0.3209
21.6637	2.10092	2.57031	2.66458	2.15012	0.472	1.24792	0.526833	0.320694
21.6737	2.10119	2.57207	2.66553	2.15279	0.472778	1.24746	0.528099	0.321373
21.6837	2.101	2.57192	2.66468	2.15208	0.472252	1.24653	0.527733	0.321213
21.6937	2.1013	2.57197	2.66478	2.1517	0.472336	1.24545	0.528	0.321037
21.7037	2.1006	2.571	2.66415	2.15039	0.471169	1.24262	0.526955	0.320892
21.7137	2.10112	2.57162	2.66462	2.15191	0.470818	1.24151	0.527306	0.321396
21.7237	2.10093	2.57234	2.66479	2.15201	0.470627	1.24043	0.528168	0.322487
21.7337	2.10108	2.57256	2.66459	2.15171	0.470245	1.23932	0.528313	0.322937
21.7437	2.10052	2.57206	2.66322	2.14895	0.469513	1.23724	0.527557	0.322678
21.7537	2.10023	2.57349	2.66348	2.15034	0.469482	1.23592	0.527702	0.323311
21.7637	2.09999	2.57351	2.66331	2.15012	0.469437	1.23495	0.527954	0.32341
21.7737	2.09995	2.57355	2.66312	2.14981	0.469345	1.23388	0.528412	0.323967
21.7837	2.09998	2.57306	2.66259	2.14808	0.468712	1.23258	0.528206	0.324135
21.7937	2.09937	2.57275	2.66248	2.14838	0.468422	1.23098	0.52829	0.324799
21.8037	2.09998	2.57365	2.66303	2.14986	0.469208	1.23087	0.529701	0.326073
21.8137	2.09983	2.57453	2.66345	2.15023	0.469437	1.2288	0.529831	0.326828
21.8237	2.10005	2.57488	2.66281	2.14948	0.469322	1.22764	0.529755	0.326965
21.8337	2.09998	2.5763	2.6627	2.14997	0.46891	1.22664	0.529762	0.327309
21.8437	2.10045	2.57815	2.66369	2.15283	0.469536	1.22621	0.530685	0.328423
21.8537	2.10078	2.57781	2.66314	2.1523	0.469116	1.22467	0.530418	0.328903
21.8637	2.10107	2.57795	2.6629	2.15171	0.469124	1.22334	0.530495	0.330299
21.8737	2.101	2.5764	2.66167	2.14968	0.467957	1.22093	0.52919	0.329857
21.8837	2.10085	2.5769	2.66224	2.15152	0.468559	1.2213	0.529915	0.330544
21.8937	2.10155	2.57765	2.66239	2.15166	0.468544	1.22061	0.530365	0.331268
21.9036	2.10136	2.57855	2.66196	2.15145	0.468285	1.21942	0.530144	0.331657
21.9136	2.10145	2.57832	2.66095	2.14922	0.467461	1.2177	0.52948	0.331673
21.9236	2.10172	2.57934	2.66113	2.14967	0.46698	1.21626	0.529541	0.331779
21.9336	2.10225	2.5794	2.66078	2.14928	0.466873	1.21531	0.529724	0.332146
21.9436	2.10285	2.57933	2.66042	2.14862	0.466362	1.21391	0.529663	0.33239
21.9536	2.10308	2.57892	2.66002	2.14727	0.466438	1.2126	0.530251	0.333611
21.9636	2.10358	2.57893	2.66016	2.14802	0.466293	1.21025	0.530708	0.334084
21.9736	2.10393	2.58067	2.66143	2.15001	0.466911	1.20966	0.531982	0.335564
21.9836	2.10475	2.58112	2.66128	2.14986	0.466492	1.20879	0.532104	0.336311
21.9936	2.10474	2.58092	2.66048	2.14835	0.465828	1.20751	0.531906	0.337296
22.0036	2.10545	2.58184	2.66071	2.14921	0.466339	1.20654	0.531097	0.338478
22.0136	2.10622	2.58318	2.66107	2.15123	0.466919	1.20529	0.532158	0.340477
22.0236	2.1065	2.58286	2.66045	2.15086	0.466614	1.20333	0.532516	0.341606
22.0336	2.10696	2.58284	2.66026	2.15034	0.466637	1.20286	0.532806	0.342537
22.0436	2.10669	2.58163	2.65942	2.14852	0.465881	1.20139	0.53212	0.343826
22.0536	2.10735	2.58194	2.65979	2.14996	0.465622	1.19971	0.532593	0.345711
22.0636	2.10725	2.58175	2.65931	2.1493	0.465218	1.19775	0.532204	0.347305
22.0736	2.108	2.58193	2.65875	2.14896	0.464935	1.19637	0.53244	0.348305
22.0836	2.10806	2.58182	2.65767	2.14615	0.464043	1.19508	0.531693	0.348793
22.0936	2.10854	2.58286	2.65766	2.14742	0.464218	1.19392	0.532127	0.350258
22.1036	2.10883	2.58277	2.65709	2.14642	0.463242	1.19167	0.533615	0.353172
22.1136	2.10921	2.58256	2.65653	2.14593	0.462585	1.18946	0.533638	0.355431
22.1236	2.10964	2.58195	2.65593	2.14403	0.461945	1.18746	0.533043	0.35656
22.1336	2.10983	2.58144	2.65581	2.14442	0.461815	1.18736	0.533127	0.358078
22.1436	2.11106	2.58246	2.65634	2.14632	0.462181	1.18629	0.534119	0.360664
22.1536	2.11138	2.58315	2.65617	2.14618	0.46212	1.18494	0.534103	0.363228
22.1636	2.11233	2.58379	2.65597	2.14536	0.46183	1.18368	0.534317	0.36554
22.1736	2.11232	2.58477	2.65582	2.14584	0.461517	1.1815	0.534309	0.367172
22.1836	2.11298	2.58615	2.65664	2.14872	0.462059	1.18129	0.535568	0.369133
22.1936	2.1137	2.58652	2.65662	2.14877	0.461815	1.17989	0.535545	0.371559
22.2036	2.11417	2.5863	2.6564	2.14809	0.461456	1.17828	0.535675	0.374207
22.2136	2.11454	2.58588	2.65655	2.14857	0.461472	1.17683	0.535835	0.375954
22.2236	2.11472	2.58652	2.65715	2.15045	0.461861	1.17503	0.536209	0.377129
22.2336	2.11543	2.58715	2.65724	2.15078	0.461205	1.1734	0.53653	0.37825
22.2436	2.11536	2.58739	2.65702	2.14994	0.460968	1.17214	0.536575	0.37989
22.2536	2.11543	2.58694	2.65584	2.14786	0.459595	1.16922	0.535629	0.381149
22.2636	2.11577	2.58755	2.65546	2.14857	0.459488	1.16752	0.535858	0.382736
22.2736	2.11656	2.58763	2.6556	2.14863	0.459129	1.16651	0.536079	0.383659
22.2836	2.11739	2.58761	2.65503	2.14774	0.458267	1.16528	0.535866	0.38456
22.2936	2.11747	2.58582	2.65345	2.1446	0.456917	1.16349	0.534683	0.384651
22.3036	2.11842	2.58582	2.65349	2.14523	0.456879	1.16177	0.53437	0.385635
22.3136	2.11863	2.5864	2.65318	2.14454	0.45652	1.15999	0.534737	0.386398
22.3236	2.11984	2.58684	2.65316	2.14445	0.456215	1.15923	0.535057	0.387276
22.3336	2.12003	2.58691	2.65197	2.14143	0.455849	1.15878	0.534355	0.387299
22.3436	2.12107	2.5882	2.65173	2.14223	0.455734	1.15763	0.534706	0.388046
22.3536	2.12216	2.58976	2.6526	2.14436	0.456764	1.15738	0.535927	0.389351
22.3636	2.12264	2.59024	2.65226	2.14407	0.456329	1.15472	0.535629	0.388786
22.3736	2.12334	2.58922	2.65087	2.14104	0.455299	1.15183	0.534698	0.387733
22.3836	2.12342	2.58893	2.65108	2.14182	0.455544	1.15108	0.534752	0.387573
22.3936	2.12453	2.59066	2.65202	2.14453	0.456177	1.14988	0.535355	0.387581
22.4036	2.12465	2.59083	2.65157	2.14405	0.455811	1.14774	0.535835	0.386688
22.4136	2.12567	2.59088	2.6511	2.14278	0.455505	1.1456	0.534882	0.384888
22.4236	2.12559	2.59171	2.65057	2.14281	0.455002	1.14417	0.534721	0.383476
22.4336	2.1264	2.59267	2.65089	2.14518	0.454887	1.14333	0.535141	0.382835
22.4436	2.12689	2.59246	2.6507	2.14477	0.454582	1.14228	0.534515	0.38076
22.4536	2.12696	2.59168	2.64979	2.14281	0.453842	1.14003	0.534576	0.378326
22.4636	2.12787	2.59091	2.64992	2.14292	0.45385	1.13902	0.534714	0.376595
22.4736	2.12813	2.59166	2.65064	2.1452	0.454124	1.13818	0.53495	0.375694
22.4836	2.1291	2.59177	2.65032	2.14474	0.453476	1.13697	0.534988	0.374283
22.4936	2.12917	2.59147	2.6496	2.14285	0.452972	1.13628	0.534996	0.371826
22.5036	2.12997	2.59273	2.64963	2.1432	0.452843	1.1349	0.535271	0.369217
22.5136	2.13051	2.59383	2.64988	2.14481	0.453171	1.13393	0.536224	0.367378
22.5236	2.13138	2.59399	2.64995	2.14491	0.453239	1.13244	0.536438	0.366158
22.5336	2.13194	2.59343	2.64964	2.14362	0.452682	1.13167	0.536331	0.364487
22.5436	2.132	2.59284	2.64935	2.14359	0.452324	1.13045	0.536606	0.361938
22.5545	2.13335	2.59315	2.64955	2.14548	0.452881	1.12116	0.537384	0.358437
22.5675	2.13333	2.59319	2.64848	2.14337	0.450462	1.09187	0.536888	0.353577
22.5735	2.13419	2.59338	2.64797	2.14242	0.450256	1.09052	0.537003	0.351494
22.5835	2.13438	2.59482	2.64784	2.14266	0.450134	1.08971	0.536858	0.349808
22.5935	2.13494	2.5958	2.64784	2.14409	0.449905	1.08827	0.537354	0.348091
22.6035	2.13544	2.59602	2.64783	2.14407	0.450089	1.08663	0.537659	0.345497
22.6135	2.13576	2.59557	2.64736	2.1428	0.4496	1.0845	0.537369	0.343109
22.6235	2.13652	2.59516	2.64711	2.14258	0.448914	1.08286	0.53772	0.341812
22.6335	2.13661	2.59543	2.64726	2.14342	0.448868	1.08131	0.53772	0.340759
22.6435	2.1377	2.59569	2.64719	2.14365	0.44899	1.07954	0.537621	0.33886
22.6535	2.13731	2.59579	2.64664	2.14179	0.447968	1.08471	0.536682	0.336693
22.6635	2.13831	2.59719	2.64745	2.14423	0.450279	1.11053	0.538116	0.337555
22.6735	2.13875	2.5982	2.64721	2.14489	0.45018	1.10897	0.538483	0.337196
22.6835	2.13955	2.59814	2.64707	2.14474	0.450035	1.10787	0.538589	0.336456
22.6935	2.14066	2.59805	2.64722	2.14399	0.450424	1.10598	0.538437	0.334969
22.7035	2.14101	2.59708	2.64679	2.14384	0.45034	1.10413	0.537964	0.332764
22.7135	2.1423	2.59715	2.64678	2.14457	0.449501	1.10184	0.538101	0.331284
22.7235	2.14272	2.59754	2.64665	2.14417	0.449364	1.10036	0.538002	0.330566
22.7335	2.14397	2.59776	2.64636	2.14356	0.449203	1.09942	0.538063	0.33007
22.7435	2.14432	2.59933	2.64658	2.14368	0.449173	1.09814	0.53862	0.329834
22.7535	2.14517	2.60026	2.64688	2.14513	0.449371	1.09677	0.539055	0.329025
22.7635	2.146	2.60043	2.64671	2.14468	0.448837	1.09459	0.538696	0.327843
22.7735	2.14688	2.5999	2.64643	2.14349	0.44812	1.09281	0.538261	0.326599
22.7835	2.14776	2.5992	2.64616	2.14365	0.448532	1.09204	0.538399	0.326256
22.7935	2.14798	2.5993	2.64651	2.14473	0.448051	1.09108	0.53849	0.325813
22.8035	2.14934	2.60004	2.64669	2.14487	0.447914	1.08916	0.538902	0.32547
22.8135	2.14937	2.60008	2.64645	2.14368	0.44799	1.08772	0.538406	0.324806
22.8235	2.15005	2.6012	2.64644	2.14424	0.447777	1.0862	0.538246	0.324295
22.8335	2.15086	2.60231	2.64642	2.1451	0.447807	1.08594	0.53833	0.324379
22.8435	2.15192	2.60178	2.64571	2.14445	0.447273	1.08418	0.537971	0.323738
22.8535	2.15315	2.6013	2.64516	2.14297	0.446899	1.08163	0.537521	0.322906
22.8635	2.15328	2.60074	2.64505	2.14317	0.446907	1.08015	0.537781	0.322884
22.8735	2.154	2.60085	2.64521	2.14445	0.447258	1.07935	0.538162	0.323532
22.8835	2.15421	2.60104	2.64487	2.14382	0.44651	1.07842	0.538002	0.323372
22.8935	2.15543	2.60139	2.64438	2.1427	0.44635	1.07686	0.538376	0.323448
22.9035	2.15571	2.60222	2.64392	2.14251	0.445938	1.07446	0.537956	0.323532
22.9135	2.15671	2.60351	2.64375	2.14388	0.446251	1.07298	0.538651	0.323952
22.9235	2.15751	2.60342	2.64336	2.14333	0.445923	1.07123	0.538277	0.323723
22.9335	2.15813	2.60281	2.6429	2.14195	0.445351	1.07015	0.538147	0.323685
22.9435	2.159	2.60256	2.64307	2.14227	0.445343	1.06896	0.538521	0.324051
22.9535	2.1597	2.60271	2.64325	2.1434	0.44574	1.06725	0.538925	0.324814
22.9635	2.16113	2.60256	2.64282	2.14274	0.445457	1.06512	0.537971	0.324646
22.9735	2.16156	2.60291	2.6425	2.14133	0.444977	1.06356	0.538002	0.324684
22.9835	2.16259	2.60413	2.64244	2.14157	0.444695	1.06266	0.537766	0.324913
22.9935	2.16327	2.60485	2.64223	2.14252	0.444641	1.0613	0.537697	0.324997
23.0035	2.16442	2.60497	2.64198	2.1423	0.444305	1.05943	0.53791	0.324829
23.0135	2.16541	2.60405	2.64145	2.14066	0.443771	1.05719	0.537323	0.324722
23.0235	2.16596	2.60339	2.64143	2.14066	0.443741	1.05629	0.537857	0.32518
23.0335	2.16727	2.60353	2.64168	2.14188	0.444046	1.05569	0.538322	0.325516
23.0435	2.16795	2.60395	2.6414	2.14164	0.443764	1.05399	0.537971	0.325348
23.0535	2.16903	2.60462	2.64114	2.14085	0.443481	1.0523	0.537788	0.325417
23.0635	2.16978	2.60616	2.64133	2.14157	0.443474	1.05076	0.538498	0.325935
23.0735	2.17128	2.6074	2.64157	2.14301	0.443527	1.04939	0.53846	0.326172
23.0835	2.17304	2.60742	2.64131	2.14246	0.442886	1.04831	0.538078	0.32592
23.0935	2.17393	2.60622	2.6402	2.14027	0.44223	1.04625	0.537285	0.325676
23.1035	2.17506	2.60547	2.64016	2.14043	0.44249	1.0444	0.537315	0.325455
23.1135	2.17603	2.6058	2.64051	2.14165	0.442482	1.0428	0.537621	0.325706
23.1235	2.17772	2.60609	2.64033	2.14159	0.442284	1.04108	0.537476	0.325745
23.1335	2.17828	2.60567	2.63913	2.13918	0.441406	1.03962	0.536301	0.325294
23.1435	2.17988	2.6067	2.6394	2.13942	0.441223	1.03887	0.536606	0.325294
23.1535	2.18101	2.60721	2.63914	2.14011	0.441093	1.03654	0.536667	0.325233
23.1635	2.18215	2.60672	2.63858	2.13942	0.440735	1.03472	0.536087	0.325027
23.1735	2.18353	2.60517	2.63711	2.13648	0.439636	1.03238	0.535202	0.324265
23.1835	2.18393	2.60432	2.63689	2.1365	0.439667	1.03152	0.535576	0.324493
23.1935	2.18565	2.60497	2.63764	2.13837	0.439873	1.03067	0.536171	0.324844
23.2034	2.187	2.60562	2.63765	2.13792	0.439583	1.02848	0.53598	0.325188
23.2134	2.18817	2.60554	2.63673	2.13609	0.439308	1.02928	0.535851	0.325119
23.2234	2.18909	2.60631	2.63618	2.13605	0.438759	1.02474	0.53537	0.324966
23.2334	2.19062	2.60786	2.63704	2.13841	0.439049	1.02448	0.536499	0.325569
23.2434	2.19189	2.60744	2.63625	2.13759	0.439003	1.02328	0.53611	0.325974
23.2534	2.19281	2.60601	2.63526	2.1349	0.43824	1.02101	0.535583	0.325531
23.2634	2.19437	2.60562	2.63525	2.13493	0.43811	1.01907	0.536057	0.325714
23.2734	2.19525	2.60664	2.63651	2.13786	0.439079	1.01817	0.536896	0.326736
23.2834	2.19728	2.6074	2.63675	2.13805	0.4394	1.01754	0.537178	0.327438
23.2934	2.1981	2.60754	2.63577	2.13548	0.43869	1.01614	0.536484	0.327194
23.3034	2.19913	2.60831	2.63558	2.13579	0.438622	1.01411	0.536697	0.327522
23.3134	2.20063	2.60914	2.63581	2.13771	0.438484	1.00979	0.536896	0.32814
23.3234	2.20212	2.60903	2.63555	2.137	0.438065	1.01083	0.537148	0.328667
23.3334	2.20318	2.60719	2.63414	2.13416	0.43692	1.00904	0.535828	0.32782
23.3434	2.2039	2.60676	2.63421	2.13432	0.436562	1.00725	0.535645	0.327553
23.3534	2.20554	2.60799	2.63523	2.13695	0.437035	1.00603	0.536186	0.328125
23.3634	2.20651	2.60837	2.63528	2.13676	0.436829	1.00465	0.536194	0.328293
23.3734	2.20771	2.6078	2.63386	2.13382	0.435616	1.00282	0.535202	0.327911
23.3834	2.20837	2.60835	2.63349	2.13372	0.434883	1.0016	0.53479	0.327408
23.3934	2.20982	2.60927	2.63402	2.13616	0.435349	1.00063	0.535469	0.328079
23.4034	2.21122	2.60893	2.63371	2.13547	0.435234	0.999001	0.535545	0.328194
23.4134	2.21182	2.60753	2.63302	2.13374	0.434357	0.997253	0.534554	0.32737
23.4234	2.21318	2.60729	2.63319	2.13436	0.434288	0.995621	0.534462	0.327599
23.4334	2.21452	2.6086	2.63424	2.13692	0.435295	0.995644	0.535736	0.328621
23.4434	2.21631	2.6089	2.63383	2.13656	0.435349	0.994469	0.53595	0.328857
23.4534	2.21738	2.61016	2.6338	2.13731	0.43351	0.991447	0.534569	0.328255
23.4634	2.21871	2.61108	2.63327	2.13718	0.433365	0.9897	0.534454	0.328186
23.4734	2.22015	2.61212	2.63391	2.13962	0.433495	0.988754	0.535629	0.328789
23.4834	2.22141	2.61165	2.63329	2.13885	0.433594	0.988197	0.535477	0.329285
23.4934	2.22288	2.61128	2.63345	2.13915	0.433594	0.987213	0.535637	0.329315
23.5034	2.2239	2.61102	2.6335	2.13956	0.433342	0.985619	0.535042	0.328957
23.5134	2.22589	2.6123	2.6343	2.14134	0.43412	0.985023	0.536224	0.3302
23.5234	2.22692	2.61253	2.63401	2.14039	0.434067	0.983917	0.536537	0.330299
23.5334	2.22826	2.61365	2.63401	2.1409	0.434174	0.983223	0.536728	0.332619
23.5434	2.22928	2.61469	2.63434	2.14159	0.434341	0.98259	0.53701	0.333061
23.5534	2.23087	2.61422	2.63387	2.14072	0.436089	0.982285	0.538628	0.334091
23.5634	2.23234	2.61359	2.63369	2.14001	0.435944	0.980743	0.538818	0.334366
23.5734	2.23335	2.61338	2.63401	2.14042	0.436005	0.979576	0.539001	0.334663
23.5834	2.23463	2.61328	2.63443	2.14106	0.436081	0.9786	0.539207	0.334923
23.5934	2.23544	2.61337	2.63426	2.14067	0.435867	0.977577	0.539253	0.335266
23.6034	2.23704	2.61388	2.63388	2.13974	0.435677	0.975204	0.539299	0.335449
23.6134	2.23775	2.61481	2.63369	2.13991	0.435455	0.973015	0.539696	0.335258
23.6234	2.23879	2.61549	2.63363	2.14088	0.43544	0.971954	0.539757	0.335518
23.6334	2.2399	2.61529	2.63309	2.1402	0.434952	0.97126	0.539345	0.333443
23.6434	2.24066	2.61482	2.63235	2.13886	0.434517	0.969788	0.538628	0.332962
23.6534	2.24186	2.61452	2.63258	2.1391	0.434372	0.968246	0.538734	0.332977
23.6634	2.24249	2.61481	2.63306	2.14014	0.434471	0.966965	0.538864	0.333321
23.6734	2.2438	2.61486	2.63284	2.1398	0.434647	0.965714	0.538605	0.333214
23.6834	2.24474	2.61474	2.63191	2.13811	0.434219	0.965271	0.538429	0.333015
23.6934	2.24597	2.61588	2.63196	2.13831	0.434189	0.963745	0.538353	0.332695
23.7034	2.24658	2.61636	2.63184	2.13908	0.434196	0.962921	0.538948	0.333099
23.7134	2.24791	2.61604	2.63155	2.13861	0.434029	0.961876	0.538574	0.333145
23.7234	2.24943	2.61464	2.63039	2.13618	0.433304	0.960213	0.537582	0.332176
23.7334	2.25024	2.61415	2.63072	2.13648	0.433105	0.959122	0.537758	0.332413
23.7434	2.25171	2.61411	2.63132	2.13773	0.433289	0.958221	0.538704	0.333366
23.7534	2.25242	2.61439	2.63131	2.13741	0.43335	0.956863	0.538689	0.333733
23.7634	2.25379	2.61402	2.63026	2.13538	0.432732	0.955467	0.538033	0.333488
23.7734	2.25456	2.61462	2.62957	2.13522	0.431961	0.953842	0.537712	0.333344
23.7834	2.25587	2.61568	2.6301	2.13689	0.432281	0.953178	0.538193	0.334167
23.7934	2.25727	2.6153	2.62974	2.13663	0.432358	0.952667	0.538574	0.334999
23.8034	2.25816	2.61385	2.62901	2.13434	0.432007	0.951126	0.538086	0.334755
23.8134	2.25931	2.61357	2.62942	2.13468	0.432533	0.949982	0.538399	0.335159
23.8234	2.26008	2.61439	2.63042	2.13683	0.432976	0.949425	0.538574	0.335922
23.8344	2.26173	2.61451	2.63014	2.13652	0.434097	0.966354	0.538101	0.336929
23.8444	2.26257	2.61445	2.62959	2.13557	0.434807	0.975616	0.537544	0.337143
23.8543	2.26314	2.61435	2.62865	2.13466	0.433838	0.971024	0.53672	0.336235
23.8643	2.26431	2.61568	2.62932	2.13667	0.433052	0.950089	0.537086	0.335281
23.8743	2.26574	2.61594	2.62981	2.13697	0.432373	0.941658	0.536842	0.335205
23.8843	2.26705	2.61534	2.62948	2.13597	0.433388	0.957832	0.536507	0.335831
23.8943	2.26766	2.61467	2.62946	2.13604	0.434311	0.966965	0.536484	0.336281
23.9043	2.26929	2.61558	2.63029	2.13842	0.434875	0.963608	0.537254	0.336845
23.9143	2.27021	2.61583	2.63	2.13811	0.432953	0.942154	0.536774	0.335686
23.9243	2.27154	2.61604	2.62985	2.13746	0.431694	0.933731	0.536865	0.335762
23.9343	2.27213	2.61711	2.62991	2.1376	0.431694	0.932411	0.536942	0.336075
23.9443	2.27327	2.61769	2.62978	2.13814	0.431923	0.931412	0.53717	0.336281
23.9543	2.27497	2.6181	2.63009	2.13896	0.43293	0.930794	0.538437	0.337433
23.9643	2.27576	2.61713	2.62941	2.13736	0.432343	0.930023	0.538429	0.338043
23.9743	2.27699	2.6165	2.62922	2.13707	0.432121	0.929626	0.538498	0.338112
23.9843	2.27762	2.61666	2.62943	2.13765	0.43187	0.929367	0.538612	0.338226
23.9943	2.27892	2.61674	2.62933	2.13759	0.431961	0.928436	0.538292	0.338394
24.0043	2.27942	2.61662	2.6285	2.13549	0.431633	0.926521	0.537636	0.33847
24.0143	2.28047	2.61766	2.62849	2.13591	0.431892	0.925667	0.538254	0.338982
24.0243	2.2812	2.61813	2.62835	2.13651	0.431671	0.92527	0.538231	0.33889
24.0343	2.28237	2.61733	2.62751	2.13579	0.431641	0.924782	0.538048	0.338501
24.0443	2.28348	2.61624	2.62688	2.1339	0.43116	0.92308	0.537979	0.338852
24.0543	2.28409	2.61536	2.62669	2.1338	0.431213	0.921692	0.53759	0.338768
24.0643	2.28539	2.61565	2.62717	2.13528	0.431717	0.922562	0.537865	0.339233
24.0743	2.2857	2.61572	2.62704	2.13521	0.431824	0.922615	0.537933	0.339577
24.0843	2.28703	2.61582	2.62652	2.13355	0.43177	0.921326	0.537148	0.339333
24.0943	2.28753	2.61711	2.62659	2.13354	0.431488	0.920082	0.536987	0.339447
24.1043	2.28877	2.61791	2.62686	2.13554	0.431892	0.919212	0.537582	0.339668
24.1143	2.29005	2.61751	2.62656	2.13483	0.431702	0.918381	0.537201	0.339508
24.1243	2.29109	2.61624	2.62556	2.13216	0.431068	0.917221	0.536011	0.338737
24.1343	2.29233	2.61617	2.62611	2.13265	0.431091	0.916504	0.53595	0.338951
24.1443	2.29283	2.61673	2.62677	2.13438	0.431152	0.915993	0.535934	0.339127
24.1543	2.29408	2.61752	2.62704	2.13419	0.431084	0.914833	0.536201	0.339844
24.1643	2.29443	2.61761	2.62605	2.13233	0.429855	0.911339	0.534866	0.338715
24.1743	2.29546	2.61833	2.62589	2.13214	0.429352	0.910019	0.534218	0.338501
24.1843	2.29611	2.61913	2.62614	2.13406	0.429573	0.909485	0.53495	0.338974
24.1943	2.29722	2.61816	2.62548	2.13296	0.429573	0.908218	0.534515	0.33847
24.2043	2.29803	2.61728	2.62512	2.13255	0.428436	0.906769	0.532875	0.337563
24.2143	2.29813	2.61659	2.62513	2.13267	0.428215	0.905769	0.532272	0.337677
24.2243	2.29907	2.61759	2.62617	2.13537	0.428986	0.906349	0.533287	0.338959
24.2343	2.29955	2.61752	2.62569	2.13427	0.428726	0.905075	0.533127	0.339317
24.2443	2.30077	2.61856	2.62574	2.13493	0.429016	0.903038	0.531807	0.338341
24.2543	2.3015	2.61919	2.62572	2.13548	0.429245	0.902725	0.532188	0.338562
24.2643	2.30283	2.62001	2.6266	2.13748	0.430305	0.902344	0.533394	0.339622
24.2743	2.30428	2.61948	2.62598	2.13648	0.430321	0.903008	0.533257	0.339844
24.2843	2.30486	2.61852	2.62596	2.1367	0.43055	0.902466	0.532974	0.340111
24.2943	2.30615	2.61842	2.62628	2.13756	0.430656	0.901726	0.533127	0.340538
24.3043	2.30676	2.61871	2.62663	2.13786	0.432175	0.901253	0.534676	0.34185
24.3143	2.30804	2.61909	2.62648	2.13694	0.431808	0.900116	0.534332	0.341629
24.3243	2.30846	2.61963	2.62617	2.137	0.431747	0.899376	0.534348	0.341698
24.3343	2.30953	2.62054	2.62656	2.13816	0.431953	0.899437	0.534805	0.34211
24.3443	2.31044	2.62032	2.62627	2.1377	0.432182	0.900124	0.53611	0.343384
24.3543	2.31123	2.61914	2.6256	2.13592	0.432037	0.898354	0.534981	0.342781
24.3643	2.31218	2.61826	2.62557	2.13581	0.431854	0.897667	0.534927	0.342857
24.3743	2.31256	2.61822	2.62614	2.13692	0.431839	0.896568	0.535439	0.343353
24.3843	2.31403	2.61891	2.62594	2.13638	0.431595	0.895836	0.53508	0.343422
24.3943	2.31419	2.61878	2.62553	2.13464	0.431755	0.895233	0.535164	0.343658
24.4043	2.31532	2.62003	2.62577	2.13521	0.432167	0.89492	0.535751	0.34417
24.4143	2.31601	2.62051	2.62565	2.13627	0.432777	0.89476	0.536736	0.344856
24.4243	2.31718	2.62041	2.62534	2.13572	0.432739	0.894653	0.536613	0.344536
24.4343	2.31779	2.61935	2.62442	2.13326	0.43219	0.893227	0.535324	0.34407
24.4443	2.31832	2.61871	2.62464	2.13348	0.432327	0.892342	0.535309	0.344551
24.4543	2.31958	2.61891	2.62479	2.13486	0.432449	0.891594	0.535484	0.344635
24.4643	2.32017	2.61884	2.62447	2.13434	0.432549	0.891426	0.535263	0.344635
24.4743	2.32119	2.61847	2.6236	2.13207	0.43232	0.890663	0.534378	0.343742
24.4843	2.32161	2.61874	2.62375	2.13237	0.432564	0.890373	0.534615	0.343819
24.4943	2.32314	2.62003	2.62408	2.13428	0.432861	0.890266	0.534645	0.344284
24.5042	2.32407	2.61942	2.62359	2.13322	0.432343	0.888741	0.533516	0.34388
24.5142	2.32496	2.61817	2.62294	2.13087	0.43177	0.888084	0.532562	0.343605
24.5242	2.32588	2.61749	2.6235	2.13131	0.43177	0.887375	0.532295	0.343605
24.5342	2.32671	2.61784	2.62435	2.13358	0.432533	0.887482	0.533211	0.343727
24.5442	2.32833	2.61821	2.62447	2.13342	0.432449	0.887184	0.532936	0.343552
24.5542	2.32861	2.61804	2.62375	2.13103	0.432411	0.886627	0.532837	0.343491
24.5642	2.3296	2.61915	2.62376	2.13131	0.432671	0.886307	0.53315	0.343361
24.5742	2.3305	2.62051	2.62447	2.13342	0.4328	0.886131	0.533501	0.344078
24.5842	2.33157	2.62045	2.62435	2.13296	0.432678	0.885719	0.533325	0.344086
24.5942	2.33217	2.61833	2.62322	2.13011	0.432007	0.884415	0.532928	0.343544
24.6042	2.33292	2.61788	2.62359	2.13069	0.432365	0.8843	0.533569	0.343956
24.6142	2.33424	2.61844	2.6241	2.13274	0.432602	0.88382	0.534576	0.344322
24.6242	2.33477	2.61872	2.62371	2.13223	0.432899	0.884048	0.534698	0.344849
24.6342	2.33594	2.61876	2.6229	2.13007	0.432793	0.883583	0.534134	0.344994
24.6442	2.33603	2.61916	2.62267	2.13015	0.432961	0.882896	0.534485	0.345154
24.6542	2.33723	2.62054	2.6236	2.13271	0.433502	0.882973	0.535019	0.346184
24.6652	2.33829	2.62032	2.62312	2.13229	0.430344	0.862587	0.534088	0.345177
24.6742	2.33856	2.61813	2.62186	2.12959	0.429878	0.861984	0.533676	0.344734
24.6842	2.33961	2.61762	2.62218	2.13016	0.430191	0.861885	0.533752	0.344856
24.6942	2.34036	2.61847	2.6229	2.13271	0.430725	0.861626	0.533714	0.345055
24.7042	2.34162	2.61851	2.62273	2.13242	0.430435	0.861404	0.533905	0.34494
24.7142	2.34174	2.61812	2.62174	2.12984	0.430122	0.860649	0.532448	0.344154
24.7242	2.34286	2.61924	2.62161	2.13018	0.429909	0.860336	0.532745	0.344246
24.7342	2.34382	2.61987	2.62206	2.13252	0.43055	0.860733	0.533226	0.344864
24.7442	2.34518	2.61984	2.62185	2.13208	0.430367	0.86071	0.532898	0.344856
24.7542	2.34589	2.61776	2.62071	2.12942	0.429504	0.859787	0.532173	0.344208
24.7642	2.34647	2.61716	2.62132	2.12993	0.432419	0.878838	0.532997	0.345757
24.7742	2.3482	2.61864	2.62271	2.13289	0.433327	0.879623	0.533524	0.346497
24.7842	2.34869	2.61871	2.6224	2.13239	0.433357	0.879921	0.533928	0.346909
24.7942	2.34943	2.61887	2.62202	2.1305	0.433121	0.879662	0.534027	0.347252
24.8042	2.34991	2.61984	2.62206	2.13084	0.433311	0.87915	0.533707	0.347351
24.8142	2.35136	2.62103	2.62305	2.13367	0.433876	0.879189	0.534615	0.348228
24.8272	2.35223	2.62081	2.62312	2.13408	0.437874	0.920555	0.53466	0.350746
24.8402	2.35312	2.62007	2.62265	2.13274	0.43499	0.893127	0.534698	0.349045
24.8442	2.35402	2.6194	2.6228	2.13293	0.435287	0.89238	0.534698	0.348808
24.8542	2.35518	2.62071	2.62385	2.13522	0.435715	0.891716	0.535332	0.348984
24.8642	2.35647	2.62054	2.62338	2.13468	0.435287	0.890945	0.534676	0.348557
24.8742	2.35706	2.61984	2.62208	2.13194	0.434441	0.890053	0.534042	0.348152
24.8842	2.35808	2.62049	2.62186	2.13229	0.434196	0.889778	0.533554	0.347923
24.8942	2.35949	2.62139	2.62236	2.13414	0.434341	0.889694	0.53334	0.347923
24.9042	2.36085	2.62122	2.62226	2.1338	0.434319	0.889198	0.532997	0.347641
24.9142	2.36188	2.61992	2.62126	2.13123	0.433685	0.888306	0.532364	0.347084
24.9242	2.36263	2.61909	2.62147	2.13094	0.429726	0.846741	0.531853	0.34446
24.9342	2.3634	2.61921	2.62185	2.132	0.431984	0.874092	0.531876	0.345886
24.9442	2.36382	2.61951	2.62189	2.1319	0.431808	0.874489	0.532127	0.346191
24.9542	2.36481	2.61964	2.62167	2.13099	0.431946	0.87468	0.531784	0.346115
24.9642	2.36544	2.62084	2.622	2.13155	0.432159	0.874451	0.53186	0.346138
24.9742	2.36646	2.62238	2.62305	2.13403	0.432632	0.874954	0.532608	0.346588
24.9842	2.36745	2.62229	2.62302	2.13358	0.432259	0.875092	0.532776	0.34668
24.9942	2.3677	2.6217	2.62289	2.13252	0.432404	0.875153	0.533058	0.346992
25.0042	2.36844	2.62083	2.62256	2.13261	0.432175	0.874771	0.533401	0.347351
